desc: I1 cache:         32768 B, 64 B, 8-way associative
desc: D1 cache:         32768 B, 64 B, 8-way associative
desc: LL cache:         4194304 B, 64 B, 16-way associative
cmd: ./txt
events: Ir I1mr ILmr Dr D1mr DLmr Dw D1mw DLmw 
fl=/build/gcc/src/gcc-build/gcc/include/cpuid.h
fn=__get_cpuid_output
224 8 0 0 0 0 0 0 0 0
242 4 1 1 0 0 0 0 0 0
244 4 0 0 0 0 0 0 0 0
247 12 0 0 0 0 0 8 0 0
248 2 0 0 0 0 0 0 0 0
fl=/build/gcc/src/gcc-build/x86_64-pc-linux-gnu/libstdc++-v3/include/bits/locale_classes.h
fn=_GLOBAL__sub_I_cxx11_locale_inst.cc
792 5 0 0 3 1 0 1 0 0
fn=_GLOBAL__sub_I_cxx11_wlocale_inst.cc
792 5 0 0 3 1 0 1 0 0
fn=_GLOBAL__sub_I_locale_inst.cc
792 5 0 0 3 1 0 1 0 0
fn=_GLOBAL__sub_I_wlocale_inst.cc
792 5 0 0 3 1 0 1 0 0
fl=/build/gcc/src/gcc-build/x86_64-pc-linux-gnu/libstdc++-v3/include/bits/locale_facets.h
fn=_GLOBAL__sub_I_cxx11_locale_inst.cc
1879 4 0 0 2 2 1 1 0 0
fn=_GLOBAL__sub_I_cxx11_wlocale_inst.cc
1879 4 0 0 2 2 1 1 0 0
fn=_GLOBAL__sub_I_locale_inst.cc
1879 4 0 0 2 1 0 1 0 0
2273 4 0 0 2 1 0 1 0 0
2553 4 1 1 2 1 0 1 0 0
fn=_GLOBAL__sub_I_wlocale_inst.cc
1879 4 0 0 2 1 0 1 0 0
2273 4 0 0 2 1 0 1 0 0
2553 4 1 1 2 0 0 1 0 0
fl=/build/gcc/src/gcc-build/x86_64-pc-linux-gnu/libstdc++-v3/include/bits/locale_facets_nonio.h
fn=_GLOBAL__sub_I_cxx11_locale_inst.cc
754 4 0 0 2 0 0 1 0 0
1373 8 0 0 4 3 1 2 0 0
1603 4 1 1 2 1 0 1 0 0
1760 4 0 0 2 1 0 1 0 0
1966 4 1 1 2 1 0 1 0 0
fn=_GLOBAL__sub_I_cxx11_wlocale_inst.cc
754 4 0 0 2 1 0 1 0 0
1373 8 0 0 4 3 1 2 0 0
1603 4 1 1 2 1 0 1 0 0
1760 4 0 0 2 0 0 1 0 0
1966 4 1 1 2 1 0 1 0 0
fn=_GLOBAL__sub_I_locale_inst.cc
318 4 0 0 2 1 0 1 0 0
754 4 0 0 2 1 0 1 0 0
887 4 0 0 2 2 1 1 0 0
1373 8 0 0 4 3 1 2 0 0
1603 4 1 1 2 1 0 1 0 0
1760 4 0 0 2 1 0 1 0 0
1966 4 1 1 2 1 0 1 0 0
fn=_GLOBAL__sub_I_wlocale_inst.cc
318 4 0 0 2 1 0 1 0 0
754 4 0 0 2 1 0 1 0 0
887 4 0 0 2 1 1 1 0 0
1373 8 0 0 4 2 1 2 0 0
1603 4 1 1 2 0 0 1 0 0
1760 4 0 0 2 0 0 1 0 0
1966 4 1 1 2 1 0 1 0 0
fl=/build/gcc/src/gcc-build/x86_64-pc-linux-gnu/libstdc++-v3/include/chrono
fn=std::chrono::_V2::system_clock::now()
176 480 248 241 480 0 0 0 0 0
386 480 0 0 480 0 0 0 0 0
fl=/build/gcc/src/gcc-build/x86_64-pc-linux-gnu/libstdc++-v3/include/ext/bitmap_allocator.h
fn=_GLOBAL__sub_I_bitmap_allocator.cc
106 8 1 1 0 0 0 6 2 0
412 6 1 1 0 0 0 2 0 0
420 2 0 0 0 0 0 2 0 0
421 4 0 0 0 0 0 2 0 0
1094 8 1 1 2 1 0 2 0 0
1107 8 1 1 2 0 0 2 0 0
1112 8 0 0 2 0 0 2 0 0
fl=/build/gcc/src/gcc-build/x86_64-pc-linux-gnu/libstdc++-v3/include/ext/concurrence.h
fn=_GLOBAL__sub_I_bitmap_allocator.cc
132 29 0 0 1 0 0 20 2 0
fn=_GLOBAL__sub_I_eh_alloc.cc
132 5 1 1 0 0 0 5 1 0
fl=/build/gcc/src/gcc-build/x86_64-pc-linux-gnu/libstdc++-v3/include/parallel/settings.h
fn=_GLOBAL__sub_I_parallel_settings.cc
338 54 9 9 2 1 1 52 6 6
fl=/build/gcc/src/gcc-build/x86_64-pc-linux-gnu/libstdc++-v3/include/system_error
fn=std::_V2::error_category::~error_category()
66 3 0 0 3 0 0 0 0 0
fl=/build/gcc/src/gcc/libgcc/config/i386/cpuinfo.c
fn=__cpu_indicator_init@GCC_4.8.0
199 2 0 0 0 0 0 0 0 0
207 7 0 0 1 1 1 0 0 0
244 2 1 1 1 0 0 1 0 0
245 2 0 0 0 0 0 1 0 0
406 7 1 1 0 0 0 6 0 0
415 4 0 0 2 1 0 0 0 0
416 1 0 0 0 0 0 0 0 0
419 14 1 1 1 0 0 2 0 0
425 1 0 0 1 0 0 0 0 0
426 1 0 0 1 0 0 0 0 0
428 2 0 0 0 0 0 0 0 0
434 8 1 1 0 0 0 1 0 0
440 4 0 0 1 0 0 0 0 0
441 3 0 0 0 0 0 0 0 0
442 1 0 0 1 0 0 0 0 0
443 3 0 0 0 0 0 0 0 0
444 2 1 1 0 0 0 0 0 0
446 2 0 0 0 0 0 0 0 0
449 2 1 1 0 0 0 0 0 0
454 2 0 0 0 0 0 0 0 0
455 1 1 1 0 0 0 0 0 0
460 4 0 0 2 0 0 1 0 0
461 3 0 0 1 0 0 1 0 0
485 1 0 0 0 0 0 0 0 0
486 9 0 0 7 0 0 0 0 0
fn=__get_cpuid_output
393 6 0 0 0 0 0 2 0 0
395 4 0 0 4 0 0 0 0 0
fn=get_available_features
303 1 0 0 0 0 0 1 0 0
306 3 1 1 0 0 0 0 0 0
309 4 0 0 0 0 0 0 0 0
311 4 0 0 0 0 0 0 0 0
313 4 1 1 0 0 0 0 0 0
315 4 0 0 0 0 0 0 0 0
317 4 0 0 0 0 0 0 0 0
319 4 0 0 0 0 0 0 0 0
321 4 1 1 0 0 0 0 0 0
323 4 0 0 0 0 0 0 0 0
325 4 0 0 0 0 0 0 0 0
327 4 0 0 0 0 0 0 0 0
329 4 1 1 0 0 0 0 0 0
331 4 0 0 0 0 0 0 0 0
334 2 0 0 0 0 0 0 0 0
337 3 0 0 0 0 0 0 0 0
339 4 0 0 0 0 0 0 0 0
341 4 1 1 0 0 0 0 0 0
343 4 0 0 0 0 0 0 0 0
345 4 0 0 0 0 0 0 0 0
347 4 0 0 0 0 0 0 0 0
349 4 1 1 0 0 0 0 0 0
351 4 0 0 0 0 0 0 0 0
353 4 0 0 0 0 0 0 0 0
355 4 0 0 0 0 0 0 0 0
357 4 1 1 0 0 0 0 0 0
359 4 0 0 0 0 0 0 0 0
361 4 0 0 0 0 0 0 0 0
367 2 0 0 0 0 0 0 0 0
369 2 0 0 0 0 0 0 0 0
371 2 1 1 0 0 0 0 0 0
374 4 0 0 0 0 0 0 0 0
376 4 0 0 0 0 0 0 0 0
378 4 0 0 0 0 0 0 0 0
381 2 0 0 1 0 0 1 0 0
382 2 0 0 2 0 0 0 0 0
fl=/build/gcc/src/gcc/libgcc/libgcc2.c
fn=__popcountdi2
846 1325 257 242 0 0 0 0 0 0
847 1590 257 241 0 0 0 0 0 0
848 1325 0 0 0 0 0 0 0 0
849 795 0 0 0 0 0 0 0 0
858 265 0 0 265 0 0 0 0 0
fl=/build/gcc/src/gcc/libstdc++-v3/libsupc++/del_op.cc
fn=operator delete(void*)
49 993 31 12 0 0 0 0 0 0
fl=/build/gcc/src/gcc/libstdc++-v3/libsupc++/del_ops.cc
fn=operator delete(void*, unsigned long)
32 634 11 2 0 0 0 0 0 0
fl=/build/gcc/src/gcc/libstdc++-v3/libsupc++/del_opv.cc
fn=operator delete[](void*)
35 350 12 1 0 0 0 0 0 0
fl=/build/gcc/src/gcc/libstdc++-v3/libsupc++/del_opvs.cc
fn=operator delete[](void*, unsigned long)
32 6 0 0 0 0 0 0 0 0
fl=/build/gcc/src/gcc/libstdc++-v3/libsupc++/eh_alloc.cc
fn=_GLOBAL__sub_I_eh_alloc.cc
121 1 0 0 0 0 0 1 0 0
123 3 0 0 0 0 0 2 1 0
124 2 0 0 0 0 0 0 0 0
133 1 0 0 0 0 0 1 0 0
135 1 0 0 0 0 0 1 0 0
136 1 1 1 0 0 0 1 0 0
326 3 0 0 1 0 0 0 0 0
fl=/build/gcc/src/gcc/libstdc++-v3/libsupc++/guard.cc
fn=__cxa_guard_acquire
119 5 0 0 5 0 0 0 0 0
200 10 4 3 0 0 0 0 0 0
238 10 0 0 0 0 0 0 0 0
243 45 4 3 5 0 0 30 0 0
248 10 0 0 0 0 0 0 0 0
254 20 0 0 5 4 2 0 0 0
263 5 0 0 0 0 0 5 0 0
264 15 0 0 5 0 0 0 0 0
281 10 0 0 0 0 0 0 0 0
345 50 4 3 40 0 0 0 0 0
fn=__cxa_guard_release
200 5 0 0 0 0 0 0 0 0
388 20 4 3 5 0 0 5 0 0
392 10 0 0 5 0 0 0 0 0
397 5 0 0 10 0 0 0 0 0
399 10 0 0 0 0 0 0 0 0
425 25 4 3 15 0 0 0 0 0
fl=/build/gcc/src/gcc/libstdc++-v3/libsupc++/new_op.cc
fn=operator new(unsigned long)
43 2010 30 11 0 0 0 1005 0 0
48 3015 0 0 0 0 0 0 0 0
50 4020 30 11 0 0 0 1005 0 0
59 2010 0 0 2010 0 0 0 0 0
fl=/build/gcc/src/gcc/libstdc++-v3/libsupc++/new_opv.cc
fn=operator new[](unsigned long)
32 350 15 3 0 0 0 0 0 0
fl=/build/gcc/src/gcc/libstdc++-v3/src/c++11/chrono.cc
fn=std::chrono::_V2::system_clock::now()
55 1920 241 241 480 0 0 480 0 0
62 1440 0 0 0 0 0 480 0 0
76 2400 0 0 1440 0 0 0 0 0
fl=/build/gcc/src/gcc/libstdc++-v3/src/c++11/compatibility-c++0x.cc
fn=_GLOBAL__sub_I_compatibility_c__0x.cc
184 4 0 0 0 0 0 2 0 0
199 4 0 0 0 0 0 2 0 0
214 6 1 1 0 0 0 2 1 0
215 6 1 1 0 0 0 1 0 0
257 2 1 1 1 0 0 1 0 0
fn=std::(anonymous namespace)::generic_error_category::~generic_error_category()
184 3 1 1 0 0 0 1 0 0
fn=std::(anonymous namespace)::system_error_category::~system_error_category()
199 3 1 1 0 0 0 1 0 0
fn=std::error_category::error_category()
135 8 1 1 4 1 0 2 0 0
fn=std::error_category::~error_category()
135 2 0 0 2 0 0 0 0 0
fl=/build/gcc/src/gcc/libstdc++-v3/src/c++11/compatibility-thread-c++0x.cc
fn=_GLOBAL__sub_I_compatibility_thread_c__0x.cc
49 3 1 1 1 1 0 2 1 0
124 3 0 0 1 0 0 0 0 0
fl=/build/gcc/src/gcc/libstdc++-v3/src/c++11/future.cc
fn=(anonymous namespace)::future_error_category::~future_error_category()
29 3 1 1 0 0 0 1 0 0
fn=std::future_category()
64 13 3 3 1 1 1 3 0 0
74 4 0 0 1 0 0 0 0 0
fl=/build/gcc/src/gcc/libstdc++-v3/src/c++11/system_error.cc
fn=(anonymous namespace)::generic_error_category::~generic_error_category()
38 3 1 1 0 0 0 1 0 0
fn=(anonymous namespace)::system_error_category::~system_error_category()
54 3 1 1 0 0 0 1 1 1
fn=_GLOBAL__sub_I_system_error.cc
70 4 0 0 0 0 0 1 0 0
71 4 1 1 0 0 0 0 0 0
184 2 0 0 0 0 0 0 0 0
fl=/home/arian/Documents/UU/INFOMOV/infomovp3/txt/./stb_truetype.h
fn=main
979 1390224 0 0 695112 240 239 0 0 0
980 6723192 720 720 3361596 26761 11494 0 0 0
1216 3519540 0 0 703908 0 0 703908 0 0
1217 703908 240 240 0 0 0 0 0 0
1219 289686 0 0 0 0 0 0 0 0
1220 289686 0 0 0 0 0 0 0 0
1222 289686 0 0 0 0 0 0 0 0
1484 347556 0 0 347556 0 0 0 0 0
1485 1042668 0 0 347556 0 0 0 0 0
1486 1042668 0 0 695112 0 0 0 0 0
1487 347556 240 240 347556 0 0 0 0 0
1553 1200 0 0 480 480 0 0 0 0
1554 480 0 0 0 0 0 0 0 0
1584 2027802 0 0 289686 0 0 0 0 0
1585 1738116 240 240 0 0 0 0 0 0
1586 1738116 0 0 0 0 0 0 0 0
1587 2090070 240 240 351954 0 0 0 0 0
fn=stbtt_FindGlyphIndex
979 1508568 2 2 754700 6 6 0 0 0
980 3328 0 0 1664 1 1 0 0 0
1090 135150 1 1 0 0 0 135150 0 0
1091 27030 0 0 27030 0 0 0 0 0
1094 54060 0 0 27030 0 0 0 0 0
1095 108120 0 0 27030 1 1 0 0 0
1110 27030 0 0 0 0 0 0 0 0
1111 27030 0 0 0 0 0 0 0 0
1116 27030 0 0 0 0 0 0 0 0
1117 54060 0 0 0 0 0 0 0 0
1119 54060 1 1 0 0 0 0 0 0
1124 162180 0 0 0 0 0 0 0 0
1128 54060 1 1 0 0 0 0 0 0
1129 135150 0 0 0 0 0 0 0 0
1131 324360 1 1 0 0 0 0 0 0
1132 351390 1 1 0 0 0 0 0 0
1133 621690 0 0 0 0 0 0 0 0
1141 27030 0 0 0 0 0 0 0 0
1144 108001 0 0 0 0 0 0 0 0
1145 54060 0 0 0 0 0 0 0 0
1148 80733 1 1 0 0 0 0 0 0
1149 53822 0 0 0 0 0 0 0 0
1150 28694 1 1 0 0 0 0 0 0
1152 208632 0 0 0 0 0 0 0 0
1180 162180 0 0 162180 0 0 0 0 0
fn=stbtt_GetFontOffsetForIndex
992 4 1 1 0 0 0 0 0 0
995 7 1 1 3 0 0 0 0 0
1017 2 1 1 0 0 0 0 0 0
1020 2 1 1 1 0 0 0 0 0
1030 1 0 0 1 0 0 0 0 0
fn=stbtt_GetGlyphKernAdvance
1496 1386840 240 240 346710 0 0 0 0 0
1522 346710 240 240 346710 0 0 0 0 0
fn=stbtt_GetGlyphShape
979 4107774 240 240 2261946 1382 486 571884 480 0
980 1143768 0 0 571884 0 0 0 0 0
1189 18557046 720 720 0 0 0 12045018 0 0
1190 12461136 0 0 416118 0 0 12045018 0 0
1191 12045018 0 0 416118 0 0 11628900 0 0
1192 15261726 240 240 3632826 0 0 11628900 0 0
1193 137077434 1200 1200 19310670 0 0 31086372 0 0
1243 832236 0 0 416118 0 0 0 0 0
1248 832236 240 240 0 0 0 0 0 0
1249 1924824 240 240 0 0 0 0 0 0
1257 3128004 240 240 0 0 0 2085336 240 0
1260 347556 0 0 347556 0 0 0 0 0
1263 347556 0 0 0 0 0 347556 240 0
1265 695112 0 0 0 0 0 347556 0 0
1267 981054 240 240 0 0 0 285942 240 0
1269 571884 0 0 0 0 0 0 0 0
1271 571884 0 0 0 0 0 0 0 0
1276 571884 240 240 0 0 0 285942 0 0
1277 857826 0 0 0 0 0 0 0 0
1278 285942 0 0 0 0 0 0 0 0
1282 285942 0 0 0 0 0 0 0 0
1283 1429710 0 0 0 0 0 285942 0 0
1284 571884 0 0 0 0 0 0 0 0
1298 61384026 0 0 285942 0 0 0 0 0
1299 29691216 0 0 0 0 0 0 0 0
1300 41891754 240 240 11496936 48766 19188 0 0 0
1301 22993872 0 0 0 0 0 0 0 0
1302 4095990 0 0 1365330 2515 1002 0 0 0
1304 6697344 0 0 0 0 0 0 0 0
1305 14845608 0 0 0 0 0 14845608 1687 414
1310 59382432 0 0 0 0 0 0 0 0
1311 1143768 0 0 0 0 0 0 0 0
1312 44536824 240 240 14845608 0 0 0 0 0
1313 11990958 0 0 0 0 0 0 0 0
1314 71945748 0 0 11990958 18532 7110 0 0 0
1316 5709300 0 0 0 0 0 0 0 0
1317 1331064 0 0 443688 1323 948 0 0 0
1318 443688 0 0 0 0 0 0 0 0
1321 14845608 240 240 0 0 0 14845608 0 0
1326 79946880 480 480 0 0 0 2573478 724 0
1327 857826 0 0 0 0 0 0 0 0
1328 44536824 0 0 14845608 0 0 0 0 0
1329 11507706 0 0 0 0 0 0 0 0
1330 69046236 240 240 11507706 14105 4422 0 0 0
1332 6675804 0 0 0 0 0 0 0 0
1333 2234844 0 0 744948 1437 720 0 0 0
1334 744948 0 0 0 0 0 0 0 0
1337 14845608 0 0 0 0 0 14845608 0 0
1343 44536824 0 0 0 0 0 0 0 0
1344 59382432 0 0 14845608 0 0 0 0 0
1345 29691216 0 0 14845608 0 0 0 0 0
1346 29691216 240 240 14845608 0 0 0 0 0
1348 29691216 0 0 0 0 0 0 0 0
1349 832236 0 0 0 0 0 0 0 0
1353 832236 240 240 0 0 0 0 0 0
1354 1664472 0 0 0 0 0 0 0 0
1362 2912826 240 240 1248354 0 0 0 0 0
1373 1248354 0 0 0 0 0 416118 0 0
1375 832236 0 0 0 0 0 0 0 0
1376 1664472 0 0 0 0 0 832236 0 0
1377 416118 240 240 0 0 0 416118 0 0
1378 28858980 240 240 0 0 0 0 0 0
1379 19457472 0 0 0 0 0 0 0 0
1380 48767280 0 0 12191820 0 0 0 0 0
1385 9401508 0 0 0 0 0 0 0 0
1386 18803016 0 0 0 0 0 0 0 0
1478 571884 0 0 285942 0 0 285942 0 0
1480 3128004 0 0 2432892 0 0 0 0 0
fn=stbtt_InitFont
979 47 1 1 28 4 4 0 0 0
981 95 7 7 36 0 0 0 0 0
1002 1 0 0 0 0 0 0 0 0
1003 2 0 0 0 0 0 0 0 0
1005 354 7 7 0 0 0 0 0 0
1007 299 2 2 108 4 4 0 0 0
1033 5 0 0 0 0 0 5 0 0
1038 1 0 0 0 0 0 1 1 1
1039 1 0 0 0 0 0 1 0 0
1041 2 0 0 0 0 0 0 0 0
1042 4 0 0 0 0 0 1 1 1
1043 4 0 0 0 0 0 1 0 0
1044 4 0 0 0 0 0 1 0 0
1045 4 0 0 0 0 0 1 0 0
1046 4 1 1 0 0 0 1 0 0
1047 4 0 0 0 0 0 1 0 0
1048 18 2 2 0 0 0 0 0 0
1052 2 0 0 0 0 0 0 0 0
1053 3 0 0 0 0 0 1 0 0
1060 1 1 1 0 0 0 0 0 0
1061 2 0 0 0 0 0 1 0 0
1062 18 0 0 0 0 0 0 0 0
1063 1 0 0 0 0 0 0 0 0
1065 15 1 1 0 0 0 0 0 0
1067 6 0 0 0 0 0 0 0 0
1078 4 0 0 0 0 0 2 0 0
1082 2 0 0 0 0 0 0 0 0
1085 3 0 0 0 0 0 1 0 0
1087 6 0 0 6 0 0 0 0 0
fn=stbtt_MakeGlyphBitmapSubpixel
980 2287536 0 0 1143768 0 0 0 0 0
1216 3128004 240 240 1390224 0 0 347556 0 0
1217 695112 0 0 0 0 0 0 0 0
1219 571884 0 0 285942 0 0 0 0 0
1222 285942 0 0 0 0 0 0 0 0
1584 1715652 240 240 0 0 0 0 0 0
1585 1715652 0 0 0 0 0 0 0 0
2518 6256008 480 480 0 0 0 3475560 480 0
2521 1042668 0 0 0 0 0 695112 0 0
2525 347556 0 0 0 0 0 347556 0 0
2526 347556 0 0 0 0 0 347556 0 0
2527 347556 240 240 0 0 0 347556 0 0
2528 347556 0 0 0 0 0 347556 0 0
2530 1266996 0 0 0 0 0 0 0 0
2531 2287536 0 0 857826 240 0 285942 0 0
2533 756726 240 240 61614 0 0 347556 0 0
2534 2780448 0 0 2432892 0 0 0 0 0
fn=stbtt_Rasterize
1624 28121472 0 0 0 0 0 0 0 0
1626 12650664 0 0 6325332 0 0 0 0 0
1629 17719068 240 240 0 0 0 0 0 0
1631 857826 0 0 0 0 0 285942 0 0
1632 571884 0 0 0 0 0 0 0 0
1634 571884 0 0 0 0 0 285942 0 0
1639 13718214 0 0 0 0 0 0 0 0
1645 8944392 0 0 0 0 0 8944392 0 0
1646 8944392 0 0 0 0 0 0 0 0
1652 2287536 0 0 571884 0 0 0 0 0
1653 285942 240 240 285942 0 0 0 0 0
1654 285942 0 0 0 0 0 285942 0 0
1716 43592280 0 0 10898070 0 0 0 0 0
1719 21796140 0 0 0 0 0 0 0 0
1720 54490350 240 240 10872180 0 0 10898070 5571 3398
1721 21770250 0 0 0 0 0 10898070 0 0
1722 76286490 0 0 21796140 0 0 0 0 0
1723 23225850 240 240 11184012 0 0 11469954 0 0
1724 54490350 240 240 21796140 0 0 10898070 0 0
1725 10898070 0 0 0 0 0 10898070 0 0
1726 10898070 0 0 0 0 0 10898070 0 0
1727 10898070 0 0 0 0 0 10898070 0 0
1887 90912 264 264 0 0 0 0 0 0
1890 180972 0 0 0 0 0 0 0 0
1891 271458 0 0 90486 0 0 0 0 0
1892 90498 0 0 0 0 0 0 0 0
1893 2669736 492 492 51846 0 0 0 0 0
1896 225996 246 246 90486 0 0 0 0 0
1897 18591132 246 246 222 0 0 0 0 0
1901 90060 126 126 0 0 0 0 0 0
1912 271020 270 270 0 0 0 0 0 0
1913 315264 6 6 90078 0 0 45048 0 0
1914 181776 252 252 0 0 0 0 0 0
1918 495588 12 12 180222 0 0 45036 0 0
1926 23119422 0 0 0 0 0 2410692 0 0
1932 114230196 960 960 28858176 0 0 0 0 0
1933 18298038 240 240 18298038 0 0 0 0 0
1934 4911444 0 0 0 0 0 0 0 0
1935 90060 0 0 0 0 0 0 0 0
1936 366924 0 0 0 0 0 0 0 0
1937 225084 114 114 0 0 0 0 0 0
1945 18253008 0 0 0 0 0 0 0 0
1948 18253008 0 0 18253008 0 0 0 0 0
1954 36506016 0 0 18253008 0 0 0 0 0
1955 32612094 240 240 10870698 0 0 0 0 0
1961 36506016 0 0 18253008 0 0 0 0 0
1962 32596794 0 0 10865598 0 0 0 0 0
1969 146024040 240 240 0 0 0 0 0 0
1972 73011936 0 0 0 0 0 0 0 0
1976 13425024 0 0 0 0 0 0 0 0
1978 147675264 240 240 53700096 0 0 13425024 0 0
1979 99861984 240 240 49930992 0 0 18252984 0 0
1984 13191636 0 0 3535716 0 0 0 0 0
1987 7071432 132 132 0 0 0 0 0 0
1988 7071432 0 0 0 0 0 0 0 0
1992 3535716 0 0 3535716 0 0 0 0 0
1996 4827960 0 0 0 0 0 0 0 0
1997 4827960 0 0 0 0 0 0 0 0
1999 28967760 240 240 0 0 0 0 0 0
2001 4827960 0 0 4827960 0 0 0 0 0
2003 9655920 0 0 0 0 0 0 0 0
2005 53107560 240 240 14483880 0 0 4827960 0 0
2007 253938 0 0 0 0 0 0 0 0
2008 16472694 0 0 0 0 0 0 0 0
2009 1139700 102 102 549192 0 0 295254 0 0
2010 9667020 198 198 9148044 0 0 0 0 0
2012 20327592 180 180 507876 0 0 0 0 0
2016 57935520 78 78 14483880 0 0 4827960 0 0
2018 27908904 162 162 18252984 0 0 0 0 0
2026 1320 0 0 24 0 0 0 0 0
2042 816 0 0 0 0 0 0 0 0
2043 816 0 0 0 0 0 0 0 0
2051 1224 0 0 0 0 0 0 0 0
2052 1224 12 12 0 0 0 0 0 0
2054 816 0 0 0 0 0 0 0 0
2057 84 6 6 0 0 0 0 0 0
2058 816 12 12 0 0 0 0 0 0
2062 816 12 12 0 0 0 0 0 0
2065 816 0 0 0 0 0 0 0 0
2068 840 12 12 0 0 0 0 0 0
2069 78 12 12 0 0 0 0 0 0
2071 828 12 12 0 0 0 0 0 0
2075 2730 0 0 0 0 0 0 0 0
2080 18298038 240 240 18298038 0 0 0 0 0
2088 285942 240 240 0 0 0 285942 0 0
2094 1429710 0 0 0 0 0 285942 0 0
2095 571884 240 240 571884 0 0 0 0 0
2099 1143768 0 0 571884 0 0 0 0 0
2102 2001594 0 0 285942 0 0 285942 58 27
2104 8134560 0 0 2711520 0 0 0 0 0
2106 7276734 0 0 0 0 0 2425578 0 0
2107 2425578 0 0 2425578 0 0 0 0 0
2110 12127890 0 0 0 0 0 4851156 0 0
2111 9702312 240 240 2425578 0 0 2425578 0 0
2115 69503706 240 240 18769938 0 0 0 0 0
2117 40088688 0 0 16344360 0 0 0 0 0
2118 17888784 0 0 8944392 0 0 8944392 0 0
2120 8944392 0 0 0 0 0 8944392 0 0
2128 46849902 240 240 15749226 0 0 2425578 0 0
2129 21796140 240 240 10898070 0 0 0 0 0
2134 21796140 0 0 10898070 0 0 10898070 0 0
2135 10898070 0 0 0 0 0 10898070 0 0
2138 10898070 0 0 0 0 0 0 0 0
2142 7276734 0 0 2425578 0 0 0 0 0
2143 130349526 120 120 1292244 0 0 0 0 0
2147 137448192 240 240 30400332 0 0 2425578 0 0
2150 23123598 0 0 23123598 0 0 0 0 0
2151 23123598 0 0 23123598 0 0 0 0 0
2152 46247196 0 0 0 0 0 0 0 0
2153 23123598 0 0 0 0 0 0 0 0
2154 69370794 240 240 0 0 0 0 0 0
2155 161865186 0 0 46247196 0 0 23123598 0 0
2160 59745270 0 0 23149194 0 0 0 0 0
2162 54894114 240 240 36596076 0 0 18298038 0 0
2163 9687426 0 0 0 0 0 0 0 0
2166 2425578 0 0 0 0 0 0 0 0
2167 2425578 0 0 0 0 0 0 0 0
2170 285942 0 0 0 0 0 0 0 0
2172 571884 0 0 0 0 0 0 0 0
2184 54490350 240 240 0 0 0 0 0 0
2185 74284896 240 240 42448512 0 0 21224256 0 0
2187 104922528 0 0 0 0 0 0 0 0
2189 36112854 0 0 36112854 0 0 0 0 0
2190 82837836 0 0 0 0 0 0 0 0
2191 104922528 0 0 52461264 0 0 52461264 0 0
2194 31836384 0 0 0 0 0 0 0 0
2195 68147328 240 240 17036832 0 0 34073664 0 0
2263 857826 0 0 0 0 0 285942 0 0
2264 32694210 0 0 0 0 0 0 0 0
2274 2001594 240 240 857826 240 240 285942 0 0
2289 1820238 0 0 0 0 0 0 0 0
2290 3275538 480 480 416118 0 0 0 0 0
2293 1429710 0 0 0 0 0 285942 0 0
2295 857826 0 0 0 0 0 0 0 0
2305 4523892 720 720 1273944 0 0 285942 0 0
2307 2392122 240 240 702060 0 0 285942 0 0
2313 416118 0 0 0 0 0 0 0 0
2317 59378976 240 240 0 0 0 0 0 0
2318 1248354 0 0 832236 0 0 0 0 0
2322 35939322 0 0 0 0 0 0 0 0
2326 38135682 240 240 0 0 0 10898070 17866 10328
2327 45214836 0 0 23418696 0 0 0 0 0
2328 5441472 0 0 0 0 0 5441472 0 0
2333 78574026 240 240 22368024 0 0 10898070 0 0
2336 21781014 0 0 0 0 0 0 0 0
2338 5441472 0 0 5441472 0 0 0 0 0
2339 10898070 0 0 0 0 0 0 0 0
2342 416118 0 0 0 0 0 0 0 0
2352 21985626 240 240 571884 0 0 7848618 0 0
2354 571884 0 0 285942 0 0 285942 0 0
2359 2859420 240 240 0 0 0 571884 0 0
2360 3800328 480 480 1484046 0 0 1900164 268 75
2361 2316282 0 0 0 0 0 1900164 0 0
2389 571884 0 0 0 0 0 571884 0 0
2391 285942 0 0 0 0 0 0 0 0
2395 13105950 240 240 285942 0 0 0 0 0
2396 49660962 240 240 12200784 0 0 0 0 0
2400 1955628 0 0 162372 0 0 0 0 0
2402 1715652 240 240 285942 0 0 571884 0 0
2404 1429710 0 0 0 0 0 857826 0 0
2410 2287536 0 0 571884 0 0 0 0 0
2411 1143768 0 0 285942 0 0 285942 0 0
2412 1143768 240 240 0 0 0 0 0 0
2413 1429710 0 0 0 0 0 285942 0 0
2414 1143768 0 0 0 0 0 571884 0 0
2416 571884 0 0 0 0 0 571884 0 0
2418 70059342 240 240 0 0 0 0 0 0
2419 116289000 0 0 23257800 0 0 0 0 0
2422 1664472 0 0 0 0 0 0 0 0
2423 2133996 240 240 1092588 0 0 260352 0 0
2424 832236 0 0 0 0 0 0 0 0
2427 4161180 240 240 1664472 0 0 0 0 0
2428 2080590 0 0 0 0 0 832236 0 0
2431 14840460 0 0 5936184 0 0 0 0 0
2432 4452138 0 0 1484046 0 0 1484046 0 0
2435 136202304 240 240 38914944 0 0 19457472 0 0
2436 77829888 240 240 38914944 0 0 0 0 0
2437 77829888 0 0 38914944 0 0 0 0 0
2439 116744832 0 0 38914944 0 0 0 0 0
2443 4003188 240 240 1715652 0 0 571884 0 0
2456 4575072 480 480 0 0 0 3431304 0 0
2457 571884 0 0 571884 0 0 0 0 0
2459 51688146 480 480 1143768 0 0 857826 0 0
2460 857826 0 0 285942 0 0 0 0 0
2461 24589254 0 0 285942 0 0 0 0 0
2462 571884 0 0 0 0 0 285942 0 0
2463 571884 240 240 285942 0 0 285942 0 0
2465 2287536 0 0 2001594 0 0 0 0 0
fn=stbtt__GetGlyfOffset(stbtt_fontinfo const*, int)
979 8376528 240 240 4188264 1866 1074 0 0 0
1197 1047066 240 240 0 0 0 0 0 0
1200 2094132 0 0 1047066 0 0 0 0 0
1201 3141198 240 240 1047066 0 0 0 0 0
1203 2094132 0 0 0 0 0 0 0 0
1204 6282396 240 240 3141198 0 0 0 0 0
1205 2094132 0 0 0 0 0 0 0 0
1211 3141198 0 0 0 0 0 0 0 0
1212 1047066 0 0 1047066 0 0 0 0 0
fn=stbtt__sort_edges_quicksort(stbtt__edge*, int)
2200 11014416 240 240 0 0 0 6884010 18 0
2202 5795760 0 0 0 0 0 0 0 0
2207 2181720 0 0 0 0 0 0 0 0
2208 7636020 240 240 2181720 0 0 0 0 0
2209 6545160 0 0 1090860 0 0 0 0 0
2211 3503460 0 0 0 0 0 0 0 0
2214 1321740 0 0 0 0 0 0 0 0
2218 4626090 240 240 1321740 0 0 1321740 0 0
2219 2643480 0 0 1321740 0 0 1321740 0 0
2220 2643480 0 0 1321740 0 0 1321740 0 0
2224 4363440 0 0 2181720 0 0 2181720 0 0
2225 4363440 240 240 2181720 0 0 2181720 0 0
2226 4363440 0 0 2181720 0 0 2181720 0 0
2231 3272580 0 0 0 0 0 0 0 0
2234 31257120 0 0 0 0 0 0 0 0
2235 75993150 240 240 15198630 0 0 0 0 0
2238 105394350 240 240 21078870 0 0 0 0 0
2241 18754272 0 0 0 0 0 0 0 0
2242 20642256 0 0 10321128 0 0 10321128 0 0
2243 20642256 0 0 10321128 0 0 10321128 0 0
2244 20642256 0 0 10321128 0 0 10321128 0 0
2250 4363440 240 240 0 0 0 0 0 0
2251 2892540 0 0 0 0 0 578508 0 0
2255 4231128 0 0 0 0 0 512352 0 0
2259 9637614 240 240 8260812 0 0 0 0 0
fn=stbtt__tesselate_curve(stbtt__point*, int*, float, float, float, float, float, float, float, int)
2359 39236736 0 0 0 0 0 0 0 0
2360 39236736 240 240 29427552 0 0 9809184 2333 1194
2361 19618368 0 0 9809184 0 0 9809184 0 0
2366 215802048 480 480 0 0 0 98091840 1187 0
2368 177369792 240 240 59176896 240 240 19618368 240 0
2371 59498688 0 0 19618368 0 0 0 0 0
2373 40202112 0 0 160896 0 0 0 0 0
2375 157751424 240 240 0 0 0 19618368 554 0
2376 2735232 240 240 482688 0 0 804480 0 0
2377 1126272 240 240 643584 0 0 0 0 0
2380 137328576 0 0 78473472 0 0 19618368 0 0
fl=/home/arian/Documents/UU/INFOMOV/infomovp3/txt/main.cc
fn=main
15 8 1 1 0 0 0 2 0 0
16 8 0 0 0 0 0 2 0 0
17 6 0 0 0 0 0 2 0 0
18 4 0 0 0 0 0 2 0 0
19 26 2 2 0 0 0 4 0 0
20 2 0 0 0 0 0 2 0 0
21 4 0 0 0 0 0 2 0 0
25 10 2 2 0 0 0 6 0 0
26 2 0 0 0 0 0 0 0 0
27 1 0 0 0 0 0 0 0 0
30 9 2 2 0 0 0 3 1 1
32 2 0 0 0 0 0 1 0 0
33 3 1 0 0 0 0 1 0 0
34 5 0 0 0 0 0 2 0 0
40 7 1 1 0 0 0 2 0 0
47 4 1 1 0 0 0 2 0 0
48 108122 1 1 1 0 0 0 0 0
49 108116 0 0 27029 422 251 54058 1689 1637
50 2 0 0 1 0 0 1 0 0
51 3 0 0 0 0 0 1 0 0
54 3 0 0 0 0 0 2 1 1
57 3 1 1 0 0 0 2 0 0
58 8 0 0 0 0 0 1 0 0
63 1202 0 0 0 0 0 240 0 0
65 720 239 239 0 0 0 480 54 0
67 1716 242 240 6 0 0 966 2 0
70 960 0 0 240 0 0 240 0 0
71 1680 480 241 960 240 240 240 0 0
72 480 0 0 0 0 0 240 0 0
73 1200 240 0 480 2 0 240 0 0
75 1680 0 0 0 0 0 480 160 0
78 2880 240 240 480 480 240 0 0 0
81 480 0 0 0 0 0 0 0 0
82 960 240 240 480 0 0 0 0 0
83 1680 240 240 480 0 0 240 0 0
95 1407816 0 0 352194 372 252 0 0 0
97 703908 0 0 0 0 0 0 0 0
109 2111724 0 0 1055862 1 0 0 0 0
114 1758570 240 240 703428 0 0 0 0 0
115 6624 0 0 3312 0 0 0 0 0
116 4272 0 0 3312 0 0 240 0 0
117 6624 0 0 0 0 0 0 0 0
122 696804 0 0 348402 0 0 0 0 0
123 1692 0 0 846 0 0 0 0 0
124 3498 240 240 1326 240 0 240 0 0
142 1042668 240 240 0 0 0 347556 0 0
143 3128004 240 240 347556 0 0 1042668 0 0
144 3475560 240 240 1390224 0 0 347556 0 0
145 695112 0 0 347556 0 0 0 0 0
147 13518114 0 0 347556 0 0 0 0 0
148 68982834 0 0 0 0 0 0 0 0
149 15623994 480 480 571884 0 0 0 0 0
150 1429710 0 0 1143768 0 0 0 0 0
153 67815594 372 372 45210396 524116 0 0 0 0
154 68165106 66 66 347556 0 0 0 0 0
157 45210378 66 66 0 0 0 22475598 0 0
164 1737780 0 0 0 0 0 0 0 0
165 4163904 240 240 1388532 21726 21713 693420 0 0
168 720 0 0 480 240 240 240 0 0
169 240 0 0 0 0 0 240 0 0
170 1680 0 0 720 0 0 240 0 0
172 240 240 240 0 0 0 240 0 0
175 720 240 240 480 143 0 240 0 0
177 24 0 0 0 0 0 0 0 0
181 32 1 1 8 0 0 8 0 0
183 2 0 0 0 0 0 1 0 0
184 2 0 0 1 0 0 1 0 0
185 2 0 0 1 0 0 1 0 0
186 9 0 0 7 2 2 0 0 0
fl=/usr/bin/../lib64/gcc/x86_64-pc-linux-gnu/6.2.1/../../../../include/c++/6.2.1/bits/stl_algobase.h
fn=main
368 32 0 0 0 0 0 8 0 0
fl=/usr/bin/../lib64/gcc/x86_64-pc-linux-gnu/6.2.1/../../../../include/c++/6.2.1/bits/stl_numeric.h
fn=main
127 240 3 3 232 29 29 0 0 0
fl=/usr/bin/../lib64/gcc/x86_64-pc-linux-gnu/6.2.1/../../../../include/c++/6.2.1/bits/stl_vector.h
fn=main
170 45 9 9 0 0 0 9 0 0
177 29 1 1 0 0 0 0 0 0
656 27 0 0 0 0 0 0 0 0
1425 36 0 0 0 0 0 0 0 0
1426 54 0 0 0 0 0 0 0 0
fl=/usr/bin/../lib64/gcc/x86_64-pc-linux-gnu/6.2.1/../../../../include/c++/6.2.1/bits/vector.tcc
fn=main
94 480 0 0 0 0 0 0 0 0
416 9 0 0 0 0 0 0 0 0
425 240 231 231 0 0 0 0 0 0
443 18 0 0 0 0 0 0 0 0
fl=/usr/bin/../lib64/gcc/x86_64-pc-linux-gnu/6.2.1/../../../../include/c++/6.2.1/chrono
fn=main
163 1200 0 0 720 240 240 0 0 0
399 240 0 0 240 240 240 0 0 0
fl=/usr/bin/../lib64/gcc/x86_64-pc-linux-gnu/6.2.1/../../../../include/c++/6.2.1/cmath
fn=main
189 579372 0 0 0 0 0 0 0 0
284 3746958 240 240 0 0 0 1759770 0 0
fn=stbtt_MakeGlyphBitmapSubpixel
284 571884 0 0 0 0 0 0 0 0
fn=stbtt_Rasterize
265 23123598 0 0 0 0 0 0 0 0
fl=/usr/bin/../lib64/gcc/x86_64-pc-linux-gnu/6.2.1/../../../../include/c++/6.2.1/ext/new_allocator.h
fn=main
101 18 0 0 0 0 0 0 0 0
104 36 0 0 9 0 0 9 0 0
110 18 0 0 0 0 0 9 0 0
120 960 249 249 240 240 240 240 236 236
fl=???
fn=(below main)
0 59 6 6 16 3 0 17 0 0
fn=???
0 1360447100 730419 558457 402107139 1884362 368732 379333493 18516670 18482239
fn=SDL_CreateWindow
0 1 1 1 1 1 0 0 0 0
fn=SDL_DYNAPI_entry
0 1133 123 123 2 0 0 561 70 0
fn=SDL_GL_CreateContext
0 1 1 1 1 1 1 0 0 0
fn=SDL_GL_GetDrawableSize
0 240 240 240 240 1 1 0 0 0
fn=SDL_GL_SwapWindow
0 240 240 240 240 240 240 0 0 0
fn=SDL_PollEvent
0 246 241 240 246 241 240 0 0 0
fn=XAddExtension
0 62 2 2 20 2 0 20 0 0
fn=XAllocClassHint
0 6 0 0 0 0 0 0 0 0
fn=XAllocSizeHints
0 6 2 2 0 0 0 0 0 0
fn=XAllocWMHints
0 6 2 2 0 0 0 0 0 0
fn=XAutoRepeatOn
0 14 2 2 4 0 0 3 0 0
fn=XChangeKeyboardControl
0 64 6 6 14 1 0 10 0 0
fn=XChangeProperty
0 2106 39 10 618 11 0 494 5 4
fn=XCloseDisplay
0 52 4 4 18 2 0 8 0 0
fn=XCreateColormap
0 104 8 4 28 2 0 30 0 0
fn=XCreateGC
0 181 18 9 26 4 0 87 3 2
fn=XCreateIC
0 116 12 10 24 6 2 44 0 0
fn=XCreateWindow
0 140 8 8 44 1 0 46 2 1
fn=XDeleteProperty
0 58 6 6 18 0 0 16 0 0
fn=XDestroyIC
0 24 2 1 7 2 1 4 0 0
fn=XDestroyWindow
0 27 2 2 8 0 0 6 0 0
fn=XDisplayKeycodes
0 6 1 1 3 1 0 2 0 0
fn=XESetCloseDisplay
0 191 8 2 74 3 0 42 0 0
fn=XESetCopyEventCookie
0 27 2 2 9 1 0 6 0 0
fn=XESetErrorString
0 62 4 2 24 0 0 14 0 0
fn=XESetEventToWire
0 962 6 2 333 8 0 222 0 0
fn=XESetWireToEvent
0 1007 9 2 348 10 0 232 0 0
fn=XESetWireToEventCookie
0 27 2 2 9 1 0 6 0 0
fn=XEventsQueued
0 6740 480 480 2556 0 0 1420 0 0
fn=XFilterEvent
0 1732 3 3 780 7 6 228 0 0
fn=XFlush
0 4672 493 481 1752 2 2 1168 0 0
fn=XForceScreenSaver
0 54 4 4 16 2 0 12 0 0
fn=XFree
0 140 8 1 28 0 0 28 0 0
fn=XFreeGC
0 39 3 3 12 0 0 7 0 0
fn=XFreeModifiermap
0 22 2 2 6 0 0 6 0 0
fn=XGetICValues
0 98 12 9 22 2 2 38 0 0
fn=XGetInputFocus
0 88 8 8 28 0 0 20 0 0
fn=XGetModifierMapping
0 142 6 6 34 0 0 28 0 0
fn=XGetVisualInfo
0 18894 64 30 3312 559 100 216 5 1
fn=XGetWindowAttributes
0 252 12 5 90 0 0 63 1 0
fn=XGetWindowProperty
0 1038 36 27 319 1 0 359 1 0
fn=XGetXCBConnection
0 24 6 2 24 3 0 0 0 0
fn=XIFreeDeviceInfo
0 55 2 2 21 0 0 14 0 0
fn=XIQueryDevice
0 456 12 12 103 1 0 112 3 0
fn=XIQueryVersion
0 21 1 1 5 0 0 5 0 0
fn=XISelectEvents
0 486 36 18 102 3 0 90 0 0
fn=XIfEvent
0 541 5 5 142 17 1 71 2 0
fn=XInitExtension
0 382 25 4 102 9 0 104 0 0
fn=XInitThreads
0 58 5 5 15 8 0 18 4 0
fn=XInternAtom
0 3285 28 10 972 3 0 508 0 0
fn=XKeysymToKeycode
0 9446 4 4 3142 6 0 19 0 0
fn=XListPixmapFormats
0 392 2 2 108 4 0 104 0 0
fn=XML_GetBuffer
0 1130 36 8 180 0 0 141 0 0
fn=XML_Parse
0 126 12 4 18 0 0 24 0 0
fn=XML_ParseBuffer
0 729 28 7 202 3 0 185 1 0
fn=XML_ParserCreate
0 33 8 1 0 0 0 0 0 0
fn=XML_ParserCreate_MM
0 22 11 1 0 0 0 0 0 0
fn=XML_ParserFree
0 4064 64 19 985 5 0 306 0 0
fn=XML_SetElementHandler
0 33 11 1 11 0 0 22 0 0
fn=XML_SetUserData
0 66 8 1 33 0 0 22 0 0
fn=XMapRaised
0 35 3 3 8 0 0 10 0 0
fn=XMatchVisualInfo
0 172 5 5 60 3 0 42 0 0
fn=XNextEvent
0 2204 5 3 1216 138 39 1178 0 0
fn=XOpenDisplay
0 14632 100 47 4636 217 92 4765 90 0
fn=XOpenIM
0 26 2 2 6 0 0 5 0 0
fn=XQueryExtension
0 825 33 10 238 4 0 202 3 0
fn=XQueryKeymap
0 90 3 3 30 0 0 22 0 0
fn=XQueryPointer
0 156 6 6 58 0 0 44 0 0
fn=XQueryTree
0 64 5 5 18 0 0 16 0 0
fn=XRRFreeCrtcInfo
0 2 1 1 0 0 0 0 0 0
fn=XRRFreeOutputInfo
0 1 1 1 0 0 0 0 0 0
fn=XRRFreeScreenResources
0 2 0 0 0 0 0 0 0 0
fn=XRRGetCrtcInfo
0 230 8 8 68 0 0 66 0 0
fn=XRRGetOutputInfo
0 146 11 11 45 0 0 42 1 0
fn=XRRGetOutputPrimary
0 67 5 5 18 0 0 13 0 0
fn=XRRGetScreenResources
0 4 1 1 0 0 0 0 0 0
fn=XRRListOutputProperties
0 61 4 4 17 0 0 14 0 0
fn=XRRQueryVersion
0 121 7 7 36 1 0 29 1 0
fn=XResetScreenSaver
0 12 2 2 2 0 0 2 0 0
fn=XSelectInput
0 60 6 6 18 0 0 18 1 0
fn=XSetClassHint
0 132 10 10 24 0 0 34 1 0
fn=XSetErrorHandler
0 418 27 4 180 47 5 68 0 0
fn=XSetICFocus
0 6 2 2 3 1 1 0 0 0
fn=XSetIOErrorHandler
0 28 2 2 11 2 0 3 0 0
fn=XSetLocaleModifiers
0 62 8 2 19 4 0 14 0 0
fn=XSetTextProperty
0 72 3 2 30 1 0 18 0 0
fn=XSetWMClientMachine
0 4 2 2 0 0 0 0 0 0
fn=XSetWMHints
0 110 8 8 18 1 0 32 0 0
fn=XSetWMNormalHints
0 4 2 2 0 0 0 0 0 0
fn=XSetWMProperties
0 198 14 13 38 0 0 54 0 0
fn=XSetWMProtocols
0 68 4 4 12 0 0 16 0 0
fn=XSetWMSizeHints
0 142 10 10 20 1 0 54 0 0
fn=XStoreColors
0 11362 12 11 5148 1 0 3602 96 27
fn=XStringListToTextProperty
0 122 10 8 20 0 0 30 1 0
fn=XStringToKeysym
0 3352897 15 14 726160 20833 556 275335 668 0
fn=XSync
0 432 25 4 119 4 0 82 1 0
fn=XSynchronize
0 52 6 3 17 1 0 10 0 0
fn=XTranslateCoordinates
0 69 6 6 23 0 0 20 0 0
fn=XUndefineCursor
0 29 2 2 8 0 0 8 0 0
fn=XUngrabKeyboard
0 27 2 2 8 0 0 6 0 0
fn=XUngrabPointer
0 27 3 3 8 0 0 6 0 0
fn=XVisualIDFromVisual
0 4 2 1 4 0 0 0 0 0
fn=XauDisposeAuth
0 54 4 1 14 0 0 12 0 0
fn=XauFileName
0 96 9 5 17 2 0 21 0 0
fn=XauGetBestAuthByAddr
0 244 16 8 70 2 0 52 0 0
fn=XauReadAuth
0 144 12 6 28 0 0 38 0 0
fn=XextAddDisplay
0 671 19 9 229 11 2 138 0 0
fn=XextCreateExtension
0 20 2 2 2 0 0 8 0 0
fn=XextFindDisplay
0 355 12 3 148 14 2 64 0 0
fn=XkbAllocClientMap
0 206 6 6 38 0 0 34 0 0
fn=XkbGetMap
0 74 4 3 10 1 0 20 0 0
fn=XkbGetState
0 85 6 6 32 2 0 26 0 0
fn=XkbGetUpdatedMap
0 117 3 3 33 9 0 24 1 0
fn=XkbKeycodeToKeysym
0 19236 5 5 6499 85 0 1425 0 0
fn=XkbQueryExtension
0 43 4 4 11 0 0 9 0 0
fn=XkbResizeKeySyms
0 7568 4 4 3000 28 0 1348 4 0
fn=XkbSelectEventDetails
0 172 10 10 44 3 1 39 1 0
fn=XkbUseExtension
0 336 34 15 89 4 0 69 1 0
fn=XmlGetUtf8InternalEncoding
0 22 0 0 11 0 0 0 0 0
fn=XmlInitEncoding
0 378 14 3 54 0 0 162 14 7
fn=XmlPrologStateInit
0 66 6 1 11 0 0 44 0 0
fn=XrmGetFileDatabase
0 14 2 2 4 0 0 4 0 0
fn=XrmInitialize
0 9 2 2 1 0 0 4 0 0
fn=XrmPermStringToQuark
0 59 1 1 9 1 0 0 0 0
fn=XrmStringToQuark
0 1468360 17 4 258357 1199 44 0 0 0
fn=Xutf8ResetIC
0 7 1 1 3 2 1 0 0 0
fn=Xutf8TextListToTextProperty
0 54 4 2 14 2 1 12 0 0
fn=_Exit
0 8 2 2 1 1 0 0 0 0
fn=_IO_cleanup
0 106 8 8 33 3 1 18 0 0
fn=_IO_default_finish
0 375 15 6 150 0 0 25 0 0
fn=_IO_default_setbuf
0 51 4 4 9 0 0 15 0 0
fn=_IO_default_uflow
0 7444 7 2 2162 0 0 1237 0 0
fn=_IO_default_xsputn
0 295455 1039 19 64342 5 3 51154 148 59
fn=_IO_do_write@@GLIBC_2.2.5
0 88 2 2 16 0 0 16 0 0
fn=_IO_doallocbuf
0 625 17 6 200 8 1 100 0 0
fn=_IO_file_close
0 150 11 2 50 0 0 0 0 0
fn=_IO_file_close_it@@GLIBC_2.2.5
0 1375 78 12 250 2 0 400 0 0
fn=_IO_file_doallocate
0 1111 36 10 227 23 2 150 16 0
fn=_IO_file_finish@@GLIBC_2.2.5
0 300 13 4 75 0 0 50 0 0
fn=_IO_file_fopen@@GLIBC_2.2.5
0 1400 96 14 256 7 2 200 0 0
fn=_IO_file_open
0 802 21 5 150 0 0 174 0 0
fn=_IO_file_overflow@@GLIBC_2.2.5
0 1932 7 7 546 0 0 305 0 0
fn=_IO_file_read
0 1408 16 2 689 0 0 0 0 0
fn=_IO_file_seek
0 8 1 1 4 0 0 0 0 0
fn=_IO_file_seekoff@@GLIBC_2.2.5
0 524 18 18 138 0 0 88 0 0
fn=_IO_file_setbuf@@GLIBC_2.2.5
0 15 1 1 3 0 0 8 0 0
fn=_IO_file_stat
0 108 11 3 27 0 0 0 0 0
fn=_IO_file_sync@@GLIBC_2.2.5
0 17 3 3 7 0 0 3 0 0
fn=_IO_file_underflow@@GLIBC_2.2.5
0 17432 64 12 5992 280 2 4365 6 0
fn=_IO_file_write@@GLIBC_2.2.5
0 296 3 3 72 0 0 48 0 0
fn=_IO_file_xsgetn
0 1052 26 17 366 0 0 198 0 0
fn=_IO_file_xsputn@@GLIBC_2.2.5
0 656 6 6 120 0 0 64 0 0
fn=_IO_flush_all_lockp
0 95 8 8 26 11 7 13 0 0
fn=_IO_getline
0 41608 4 1 0 0 0 0 0 0
fn=_IO_getline_info
0 1294526 36 7 291886 0 0 270922 10 0
fn=_IO_link_in
0 2425 119 23 850 29 4 400 0 0
fn=_IO_new_file_init_internal
0 325 9 2 100 0 0 125 0 0
fn=_IO_no_init
0 41767 196 13 9430 0 0 15388 82 11
fn=_IO_old_init
0 41567 81 8 3772 0 0 30251 62 9
fn=_IO_padn
0 774 24 15 162 0 0 126 1 0
fn=_IO_seekoff_unlocked
0 148 3 3 28 1 1 12 0 0
fn=_IO_setb
0 35682 84 7 7944 0 0 7944 0 0
fn=_IO_sgetn
0 308 4 2 66 2 0 22 0 0
fn=_IO_sputbackc
0 1530 4 2 595 0 0 255 0 0
fn=_IO_str_init_static_internal
0 65084 147 9 9305 0 0 22392 5 0
fn=_IO_strn_overflow
0 8484 38 4 2553 0 0 2808 9 2
fn=_IO_switch_to_get_mode
0 7992 22 6 2664 0 0 2331 0 0
fn=_IO_un_link
0 150 0 0 75 0 0 0 0 0
fn=_IO_unsave_markers
0 125 28 4 75 0 0 0 0 0
fn=_IO_vfscanf
0 16416 89 53 4257 31 6 1962 10 2
fn=_XAllocID
0 80 9 4 32 0 0 24 0 0
fn=_XAllocIDs
0 325 12 3 100 13 0 61 0 0
fn=_XCloseLC
0 247857 10 2 70820 3 0 23612 0 0
fn=_XConnectXCB
0 178 18 8 50 13 0 48 5 0
fn=_XData32
0 1159 16 6 215 2 0 173 6 3
fn=_XDeq
0 743 4 4 195 1 0 235 0 0
fn=_XEnq
0 1634 20 5 429 11 3 428 19 1
fn=_XEventsQueued
0 8600 513 483 3020 1 0 1244 0 0
fn=_XFlush
0 4422 503 480 906 1 0 852 0 0
fn=_XFreeDisplayStructure
0 1967 18 18 841 219 0 277 0 0
fn=_XFreeEventCookies
0 152 3 2 76 2 1 0 0 0
fn=_XFreeExtData
0 1000 2 2 250 0 0 0 0 0
fn=_XFreeX11XCBStructure
0 25 2 1 12 2 0 6 0 0
fn=_XGetAsyncReply
0 270 14 6 81 0 0 45 0 0
fn=_XGetHostname
0 80 6 6 16 0 0 18 1 0
fn=_XGetRequest
0 4236 45 7 1476 2 0 1102 26 1
fn=_XGetWindowAttributes
0 720 32 8 216 0 0 243 7 0
fn=_XIMCompileResourceList
0 282 2 2 48 0 0 88 0 0
fn=_XInitIM
0 65 5 1 35 9 0 15 1 0
fn=_XInitKeysymDB
0 18 2 2 2 0 0 5 0 0
fn=_XInitOM
0 25 10 2 15 1 0 5 0 0
fn=_XIsEventCookie
0 390 2 1 156 0 0 0 0 0
fn=_XOpenLC
0 767335 43 7 259699 6269 3 141669 147 0
fn=_XPollfdCacheInit
0 28 2 1 6 0 0 10 0 0
fn=_XProcessWindowAttributes
0 116 12 12 18 0 0 12 0 0
fn=_XRead
0 18316 28 6 6878 4 0 1748 0 0
fn=_XRead32
0 477 6 4 72 0 0 71 0 0
fn=_XReadEvents
0 432 7 7 116 2 0 88 0 0
fn=_XReadPad
0 190 8 4 86 0 0 41 0 0
fn=_XRegisterFilterByType
0 245 12 5 65 6 0 90 3 0
fn=_XReply
0 25338 244 28 8771 30 1 4571 4 1
fn=_XSend
0 27734 604 499 10434 524 480 6600 9 1
fn=_XSetLastRequestRead
0 844 10 2 232 1 0 115 0 0
fn=_XStoreEventCookie
0 468 2 1 117 0 0 117 0 0
fn=_XUnregisterFilter
0 87 7 3 33 2 2 18 0 0
fn=_XUpdateAtomCache
0 1848 8 3 420 0 0 462 0 0
fn=_XUpdateGCCache
0 112 20 10 12 0 0 2 0 0
fn=_XVIDtoVisual
0 13762 35 7 2353 692 0 0 0 0
fn=_XWireToEvent
0 1584 37 23 495 8 3 497 34 2
fn=_XcmsAddCmapRec
0 60 4 3 14 4 2 24 2 0
fn=_XimCheckICMode
0 1452 21 17 188 6 0 6 0 0
fn=_XimCheckIMMode
0 77 1 1 14 0 0 0 0 0
fn=_XimCheckIfLocalProcessing
0 27 4 4 6 0 0 6 0 0
fn=_XimCheckLocalInputStyle
0 158 8 4 34 2 1 26 0 0
fn=_XimDecodeLocalICAttr
0 122 4 2 18 4 0 0 0 0
fn=_XimEncodeLocalICAttr
0 232 6 6 38 6 3 0 0 0
fn=_XimGetCurrentICValues
0 334 16 7 116 3 0 234 3 0
fn=_XimGetCurrentIMValues
0 35 2 2 9 2 0 17 1 0
fn=_XimGetICValueData
0 144 10 7 28 0 0 36 0 0
fn=_XimGetResourceListRec
0 140 4 2 20 0 0 30 0 0
fn=_XimGetResourceListRecByQuark
0 18682 4 3 3152 7 0 0 0 0
fn=_XimInitialResourceInfo
0 727 6 6 98 46 12 193 3 0
fn=_XimLocalCreateIC
0 356 20 20 54 9 4 188 3 0
fn=_XimLocalGetICValues
0 52 4 4 18 1 0 12 0 0
fn=_XimLocalOpenIM
0 311 29 25 60 3 0 103 4 0
fn=_XimOpenIM
0 96 11 10 16 3 0 26 0 0
fn=_XimParseStringFile
0 2 1 1 0 0 0 0 0 0
fn=_XimSetCurrentICValues
0 404 14 7 232 3 0 228 9 0
fn=_XimSetCurrentIMValues
0 17 2 2 9 0 0 8 1 0
fn=_XimSetICDefaults
0 2428 16 13 368 52 26 298 0 0
fn=_XimSetICMode
0 1148 10 10 294 30 15 154 0 0
fn=_XimSetICResourceList
0 4 1 1 0 0 0 0 0 0
fn=_XimSetICValueData
0 426 20 16 112 4 0 80 0 0
fn=_XimSetIMMode
0 94 2 2 20 2 0 19 0 0
fn=_XimSetIMResourceList
0 4 1 1 0 0 0 0 0 0
fn=_XimSetLocalIMDefaults
0 179 3 3 20 6 0 23 0 0
fn=_XkbFreeReadBuffer
0 69 1 1 18 0 0 18 0 0
fn=_XkbGetReadBufferPtr
0 16740 2 2 4650 0 0 930 0 0
fn=_XkbInitReadBuffer
0 93 2 2 12 0 0 27 0 0
fn=_XkbReadBufferCopyKeySyms
0 14520 2 2 4620 0 0 1980 0 0
fn=_XkbReadCopyKeySyms
0 10665 1 1 1737 14 0 1077 49 0
fn=_XkbReadGetMapReply
0 49850 48 38 16444 34 0 11974 52 0
fn=_XlcAddCT
0 5062 12 12 749 2 1 1411 0 0
fn=_XlcAddCharSet
0 935 5 2 220 0 0 330 0 0
fn=_XlcAddLoader
0 126 6 3 24 0 0 42 0 0
fn=_XlcAddUtf8Converters
0 132 14 5 3 0 0 21 0 0
fn=_XlcAddUtf8LocaleConverters
0 98 9 8 1 0 0 16 0 0
fn=_XlcCloseConverter
0 23600 0 0 23600 1 0 0 0 0
fn=_XlcCompareISOLatin1
0 2276 10 2 299 4 0 0 0 0
fn=_XlcConvert
0 23600 3 2 23600 1716 2 0 0 0
fn=_XlcCreateDefaultCharSet
0 5051 12 6 658 0 0 1539 0 0
fn=_XlcCreateLC
0 165 10 2 60 4 0 40 0 0
fn=_XlcCreateLocaleDataBase
0 52228 75 17 11277 39 2 5825 51 0
fn=_XlcCurrentLC
0 141635 7 1 35409 0 0 47211 0 0
fn=_XlcDbg_printValue
0 10 0 0 10 0 0 0 0 0
fn=_XlcDeInitLoader
0 16 4 1 6 6 0 4 0 0
fn=_XlcDefaultLoader
0 162 14 7 12 4 0 28 0 0
fn=_XlcDefaultMapModifiers
0 44 3 3 5 0 0 9 0 0
fn=_XlcDestroyLC
0 4 2 1 4 1 0 0 0 0
fn=_XlcDestroyLocaleDataBase
0 117 9 2 38 10 0 27 0 0
fn=_XlcFileName
0 1182 61 9 198 1 1 184 9 2
fn=_XlcGetCharSet
0 26809 14 2 13082 702 0 141 0 0
fn=_XlcGetCharSetWithSide
0 692 4 2 338 212 30 4 0 0
fn=_XlcGetLocaleDataBase
0 120481 8 2 43772 48 0 2961 4 0
fn=_XlcGetResource
0 658 3 1 658 2 0 0 0 0
fn=_XlcInitCTInfo
0 945 6 3 281 3 1 111 1 0
fn=_XlcInitLoader
0 22 4 2 6 6 0 4 0 0
fn=_XlcMapOSLocaleName
0 188944 16 4 47236 0 0 47236 2 0
fn=_XlcNCompareISOLatin1
0 1787 10 2 201 10 0 0 0 0
fn=_XlcOpenConverter
0 390040 24 11 82704 0 0 106346 241 0
fn=_XlcParseCharSet
0 2108 9 7 416 0 0 465 0 0
fn=_XlcRemoveLoader
0 144 6 1 54 3 0 6 0 0
fn=_XlcResolveLocaleName
0 497 46 11 108 2 0 127 4 1
fn=_XlcSetConverter
0 15201 16 4 5743 90 0 1260 3 3
fn=_XlcUtf8Loader
0 59 11 3 18 9 0 11 0 0
fn=_XlcValidModSyntax
0 46 2 2 15 1 0 12 0 0
fn=_Xlcmbstoutf8
0 383435 4 4 64889 2 0 94384 0 0
fn=_Xlcmbstowcs
0 383435 5 5 64889 0 0 94384 0 0
fn=_Xmbstoutf8
0 29495 1 1 0 0 0 0 0 0
fn=_Xmbstowcs
0 29495 1 1 0 0 0 0 0 0
fn=_XrmInternalStringToQuark
0 3512878 97 23 1100368 6001 21 260240 1133 32
fn=_Xutf8TextListToTextProperty
0 18 2 0 2 0 0 4 0 0
fn=__GI__IO_un_link.part.1
0 2398 111 22 812 7 0 372 1 0
fn=__GI_memcmp
0 57729 5 5 8673 522 2 0 0 0
fn=__GI_mempcpy
0 20505 8 0 0 0 0 0 0 0
fn=__GI_memset
0 53336611 515 242 2416634 0 0 4833268 21 20
fn=__GI_stpcpy
0 38094 24 7 2929 0 0 5024 0 0
fn=__GI_strchr
0 83127 61 13 10656 16 9 0 0 0
fn=__GI_strcmp
0 4682202 83 49 953897 35596 12 0 0 0
fn=__GI_strncmp
0 2728 108 49 321 14 2 0 0 0
fn=__GI_strncpy
0 23 2 2 4 0 0 5 0 0
fn=__GI_strstr
0 623 72 10 229 10 2 150 0 0
fn=____strtod_l_internal
0 371 39 39 62 7 2 39 1 0
fn=____strtol_l_internal
0 67255 72 12 12702 56 1 6456 0 0
fn=____strtoul_l_internal
0 5306 43 11 971 16 3 440 2 1
fn=__acos_finite
0 5 1 1 3 0 0 0 0 0
fn=__alloc_dir
0 108 4 4 18 0 0 33 0 0
fn=__asin_finite
0 5 1 1 3 0 0 0 0 0
fn=__asprintf_chk
0 32 3 3 2 0 0 16 0 0
fn=__atan2_finite
0 8 2 2 3 0 0 0 0 0
fn=__call_tls_dtors
0 11 2 2 5 0 0 2 1 1
fn=__close_nocancel
0 145 0 0 29 0 0 0 0 0
fn=__connect_nocancel
0 15 0 0 3 0 0 0 0 0
fn=__ctype_b_loc
0 114753 7 1 114753 5 0 0 0 0
fn=__ctype_init
0 16 2 2 10 4 0 3 0 0
fn=__current_locale_name
0 4180 418 1 3344 10 2 0 0 0
fn=__cxa_atexit
0 264 10 2 60 2 0 96 6 0
fn=__cxa_finalize
0 4277 12 11 912 11 3 311 0 0
fn=__dcigettext
0 84042 1781 29 20482 47 6 18814 0 0
fn=__default_morecore
0 266 14 2 38 0 0 38 1 0
fn=__driDriverGetExtensions_i965
0 10 2 2 2 0 0 2 1 0
fn=__errno_location
0 1803 521 480 1803 0 0 0 0 0
fn=__exp_finite
0 8 1 1 3 0 0 0 0 0
fn=__expf_finite
0 10200 4 4 2805 9 9 0 0 0
fn=__fdelt_chk
0 1230 480 480 246 0 0 0 0 0
fn=__fopen_internal
0 975 28 6 100 0 0 250 10 3
fn=__fopen_maybe_mmap
0 100 21 4 50 0 0 0 0 0
fn=__gconv
0 172 12 11 56 0 0 34 0 0
fn=__gconv_alias_compare
0 42477 2 2 28318 2533 6 0 0 0
fn=__gconv_close
0 64 4 4 20 0 0 12 0 0
fn=__gconv_close_transform
0 92 9 8 18 0 0 14 0 0
fn=__gconv_find_transform
0 176 18 12 38 4 1 28 1 0
fn=__gconv_get_builtin_trans
0 222 4 4 36 5 5 46 1 0
fn=__gconv_get_path
0 194 13 13 38 0 0 27 0 0
fn=__gconv_load_cache
0 28 5 5 5 0 0 6 1 0
fn=__gconv_lookup_cache
0 40 4 4 16 0 0 12 0 0
fn=__gconv_open
0 304 20 10 66 8 1 74 1 0
fn=__gconv_read_conf
0 334205 17 17 95269 642 12 31741 6 0
fn=__gconv_release_cache
0 6 2 2 4 0 0 0 0 0
fn=__gconv_release_step
0 52 4 2 20 0 0 8 0 0
fn=__gconv_transform_internal_ascii
0 696 16 8 140 0 0 136 0 0
fn=__gconv_transform_utf8_internal
0 580 22 12 98 1 0 78 2 1
fn=__getdents
0 354 2 2 72 3 0 81 0 0
fn=__gettimeofday_syscall
0 35 7 3 7 0 0 0 0 0
fn=__init_misc
0 24 2 2 7 1 0 5 1 0
fn=__libc_csu_init
0 34 2 2 8 1 1 8 0 0
fn=__libc_dl_error_tsd
0 7476 12 0 7476 205 0 0 0 0
fn=__libc_memalign
0 3069 5 4 491 2 0 485 1 1
fn=__libc_pthread_init
0 393 2 2 110 8 0 58 8 8
fn=__libc_sigaction
0 370 15 15 116 0 0 114 2 0
fn=__lll_lock_elision
0 1192634 2064 844 266994 3927 1444 71168 0 0
fn=__lll_unlock_elision
0 569344 668 361 284672 0 0 0 0 0
fn=__log2_finite
0 210 7 5 18 2 2 0 0 0
fn=__log_finite
0 8 1 1 3 0 0 0 0 0
fn=__longjmp
0 14940 415 1 9130 1 0 0 0 0
fn=__memcmp_sse4_1
0 143334 8021 4344 37527 7396 5511 0 0 0
fn=__memcpy_chk
0 36 8 4 18 3 0 0 0 0
fn=__memcpy_sse2_unaligned_erms
0 572545 1652 988 195084 10497 1080 154105 11670 5516
fn=__memset_chk
0 24 6 3 12 4 0 0 0 0
fn=__memset_sse2_unaligned_erms
0 39408193 2144 726 2794757 246 0 20243000 1287939 347380
fn=__mpn_cmp
0 192 2 2 48 0 0 0 0 0
fn=__mpn_construct_double
0 14 1 1 3 0 0 1 0 0
fn=__mpn_divrem
0 2059 5 5 583 0 0 478 0 0
fn=__mpn_extract_double
0 160 2 2 8 0 0 32 0 0
fn=__mpn_lshift
0 165 4 4 22 0 0 11 0 0
fn=__mpn_mul
0 228 4 4 60 0 0 60 0 0
fn=__mpn_mul_1
0 1272 6 6 186 0 0 126 0 0
fn=__mpn_rshift
0 272 3 3 48 0 0 32 0 0
fn=__new_exitfn
0 522 22 6 132 29 2 49 3 0
fn=__open_nocancel
0 254 0 0 46 0 0 0 0 0
fn=__overflow
0 918 2 2 216 0 0 54 0 0
fn=__poll_nocancel
0 2680 0 0 536 0 0 0 0 0
fn=__pow_finite
0 5 1 1 3 0 0 0 0 0
fn=__printf_fp
0 48 2 2 16 1 1 0 0 0
fn=__printf_fp_l
0 6946 73 73 1488 13 13 821 1 0
fn=__pthread_initialize_minimal
0 160 15 15 25 6 0 60 8 3
fn=__pthread_mutex_unlock_usercnt
0 1176531 2099 723 99298 522 480 3515 0 0
fn=__pthread_once_slow
0 132 12 4 27 3 1 24 1 0
fn=__read_nocancel
0 1770 0 0 354 0 0 0 0 0
fn=__register_atfork
0 54 5 5 12 2 2 10 0 0
fn=__run_exit_handlers
0 252 7 5 44 8 8 27 0 0
fn=__select_nocancel
0 1476 0 0 246 0 0 0 0 0
fn=__sigjmp_save
0 8 1 1 2 0 0 2 0 0
fn=__sigsetjmp
0 33325 20 4 8769 20 1 14032 32 1
fn=__snprintf_chk
0 6566 39 6 469 0 0 2814 20 2
fn=__sprintf_chk
0 315 15 6 21 0 0 147 12 0
fn=__stpcpy_sse2_unaligned
0 22 6 6 6 1 1 2 0 0
fn=__strcat_sse2_unaligned
0 246856 61 31 84628 9 3 1300 20 0
fn=__strcmp_sse2_unaligned
0 1551339 103 8 361913 4408 715 0 0 0
fn=__strcpy_chk
0 2805 7 1 495 0 0 660 0 0
fn=__strcpy_sse2_unaligned
0 128921 108 16 31649 1756 3 8577 497 0
fn=__strncmp_sse42
0 3582 78 42 438 27 8 0 0 0
fn=__strncpy_chk
0 3 1 1 0 0 0 0 0 0
fn=__strncpy_sse2_unaligned
0 124854 155 26 19863 34 5 6179 300 66
fn=__strspn_sse42
0 3856 15 5 658 3 1 0 0 0
fn=__strstr_sse2_unaligned
0 564582 99 14 99647 1675 7 0 0 0
fn=__strtoul_internal
0 108 2 0 72 0 0 0 0 0
fn=__syscall_clock_gettime
0 4410 492 242 1470 0 0 0 0 0
fn=__uflow
0 10607 17 3 3432 245 0 625 0 0
fn=__underflow
0 709 16 8 231 37 1 47 0 0
fn=__unregister_atfork
0 510 2 2 204 4 2 0 0 0
fn=__vasprintf_chk
0 162 6 6 32 1 0 38 0 0
fn=__vsnprintf_chk
0 73478 126 9 14099 0 0 18344 113 6
fn=__vsprintf_chk
0 987 15 6 189 0 0 273 13 0
fn=__write_nocancel
0 40 0 0 8 0 0 0 0 0
fn=__writev_nocancel
0 1935 0 0 387 0 0 0 0 0
fn=_dbus_append_user_from_current_process
0 7 1 1 1 0 0 2 0 0
fn=_dbus_atomic_dec
0 465 0 0 279 0 0 0 0 0
fn=_dbus_atomic_inc
0 291 4 3 291 3 3 0 0 0
fn=_dbus_auth_bytes_sent
0 12 0 0 0 0 0 0 0 0
fn=_dbus_auth_client_new
0 38 3 3 9 0 0 11 0 0
fn=_dbus_auth_delete_unused_bytes
0 6 0 0 2 0 0 0 0 0
fn=_dbus_auth_do_work
0 4163 14 12 1269 5 0 727 0 0
fn=_dbus_auth_get_buffer
0 8 1 1 4 0 0 2 0 0
fn=_dbus_auth_get_bytes_to_send
0 27 1 1 6 0 0 6 0 0
fn=_dbus_auth_get_unused_bytes
0 6 0 0 3 0 0 1 0 0
fn=_dbus_auth_return_buffer
0 4 0 0 4 0 0 0 0 0
fn=_dbus_auth_set_credentials
0 117 1 1 36 0 0 27 0 0
fn=_dbus_connection_lock
0 91 0 0 52 0 0 26 0 0
fn=_dbus_connection_ref_unlocked
0 414 8 3 138 0 0 138 0 0
fn=_dbus_connection_unlock
0 945 16 11 355 0 0 285 0 0
fn=_dbus_connection_unref_unlocked
0 413 2 1 118 0 0 118 0 0
fn=_dbus_credentials_clear
0 187 4 2 55 0 0 110 0 0
fn=_dbus_credentials_new
0 60 2 2 4 0 0 32 0 0
fn=_dbus_first_type_in_signature
0 11436 5 4 4050 0 0 0 0 0
fn=_dbus_get_monotonic_time
0 64 5 5 16 0 0 12 0 0
fn=_dbus_getenv
0 24 1 1 3 0 0 6 0 0
fn=_dbus_geteuid
0 5 1 1 1 0 0 1 0 0
fn=_dbus_hash_table_insert_int
0 70 6 6 18 1 1 16 0 0
fn=_dbus_hash_table_lookup_int
0 22 4 4 6 0 0 2 0 0
fn=_dbus_hash_table_new
0 45 3 3 5 0 0 19 0 0
fn=_dbus_hash_table_remove_int
0 50 6 6 14 0 0 8 0 0
fn=_dbus_header_get_byte_order
0 180 0 0 180 0 0 0 0 0
fn=_dbus_header_get_field_raw
0 508 7 4 114 0 0 90 0 0
fn=_dbus_header_set_field_basic
0 667 14 13 84 0 0 146 0 0
fn=_dbus_list_alloc_link
0 14 4 1 0 0 0 0 0 0
fn=_dbus_list_append
0 495 4 2 180 0 0 135 1 0
fn=_dbus_list_append_link
0 80 5 3 40 0 0 30 0 0
fn=_dbus_list_clear
0 468 5 3 134 0 0 106 0 0
fn=_dbus_list_find_last
0 56 4 3 16 0 0 12 0 0
fn=_dbus_list_foreach
0 72 8 6 26 0 0 8 0 0
fn=_dbus_list_free_link
0 7 0 0 0 0 0 0 0 0
fn=_dbus_list_get_first_link
0 128 4 3 128 0 0 0 0 0
fn=_dbus_list_get_last
0 24 4 3 16 0 0 0 0 0
fn=_dbus_list_get_last_link
0 125 4 3 75 0 0 0 0 0
fn=_dbus_list_get_length
0 8 2 2 3 0 0 0 0 0
fn=_dbus_list_pop_first_link
0 619 5 3 138 0 0 145 0 0
fn=_dbus_list_pop_last
0 272 2 2 68 0 0 68 0 0
fn=_dbus_list_prepend
0 732 7 4 141 1 1 229 1 0
fn=_dbus_list_prepend_link
0 138 7 4 42 0 0 58 0 0
fn=_dbus_list_remove
0 24 2 2 6 0 0 2 0 0
fn=_dbus_list_remove_link
0 150 0 0 25 0 0 50 0 0
fn=_dbus_list_unlink
0 274 13 9 86 0 0 113 0 0
fn=_dbus_marshal_read_uint32
0 844 4 3 222 0 0 52 0 0
fn=_dbus_marshal_set_uint32
0 336 8 6 63 0 0 84 0 0
fn=_dbus_mem_pool_alloc
0 1351 21 10 500 10 9 244 0 0
fn=_dbus_mem_pool_dealloc
0 392 3 2 168 0 0 112 0 0
fn=_dbus_mem_pool_new
0 56 3 2 8 0 0 14 0 0
fn=_dbus_message_get_unix_fds
0 20 0 0 12 0 0 8 0 0
fn=_dbus_message_iter_get_args_valist
0 160 16 16 50 0 0 44 0 0
fn=_dbus_message_loader_get_buffer
0 20 2 2 10 1 1 5 0 0
fn=_dbus_message_loader_get_is_corrupted
0 12 3 2 8 0 0 0 0 0
fn=_dbus_message_loader_get_unix_fds
0 98 3 3 42 1 1 20 0 0
fn=_dbus_message_loader_new
0 33 3 3 5 0 0 13 0 0
fn=_dbus_message_loader_queue_messages
0 549 23 23 162 0 0 139 0 0
fn=_dbus_message_loader_return_buffer
0 10 0 0 10 0 0 0 0 0
fn=_dbus_message_loader_return_unix_fds
0 20 2 2 12 0 0 0 0 0
fn=_dbus_pending_call_new_unlocked
0 90 6 6 10 0 0 24 0 0
fn=_dbus_pending_call_ref_unlocked
0 36 2 2 12 0 0 12 0 0
fn=_dbus_pending_call_unref_and_unlock
0 56 4 4 16 0 0 16 0 0
fn=_dbus_poll
0 40 1 1 0 0 0 0 0 0
fn=_dbus_read
0 82 3 3 16 0 0 20 0 0
fn=_dbus_read_socket
0 2 1 1 0 0 0 0 0 0
fn=_dbus_register_shutdown_func
0 54 5 2 10 0 0 20 0 0
fn=_dbus_rmutex_lock
0 264 4 4 0 0 0 0 0 0
fn=_dbus_rmutex_unlock
0 264 5 3 0 0 0 0 0 0
fn=_dbus_strdup
0 97 4 2 13 0 0 20 0 0
fn=_dbus_string_append
0 315 6 3 63 0 0 63 0 0
fn=_dbus_string_append_byte
0 756 3 2 252 0 0 168 0 0
fn=_dbus_string_append_uint
0 52 3 3 10 0 0 7 0 0
fn=_dbus_string_compact
0 105 4 3 42 0 0 21 0 0
fn=_dbus_string_copy
0 18 0 0 3 0 0 0 0 0
fn=_dbus_string_copy_data
0 24 2 2 6 0 0 5 0 0
fn=_dbus_string_copy_len
0 66 5 3 0 0 0 0 0 0
fn=_dbus_string_delete
0 77 7 2 0 0 0 0 0 0
fn=_dbus_string_equal_c_str
0 414 4 2 132 4 4 0 0 0
fn=_dbus_string_equal_substring
0 323 2 1 94 1 0 0 0 0
fn=_dbus_string_find
0 228 2 1 57 0 0 0 0 0
fn=_dbus_string_find_blank
0 163 2 2 22 0 0 2 0 0
fn=_dbus_string_find_to
0 2380 9 4 545 2 2 360 0 0
fn=_dbus_string_free
0 272 0 0 85 0 0 34 0 0
fn=_dbus_string_hex_decode
0 714 9 8 129 3 3 31 0 0
fn=_dbus_string_hex_encode
0 81 4 4 17 0 0 15 0 0
fn=_dbus_string_init
0 44 2 1 0 0 0 0 0 0
fn=_dbus_string_init_const
0 364 9 6 52 0 0 78 0 0
fn=_dbus_string_init_const_len
0 981 1 0 218 1 0 436 0 0
fn=_dbus_string_insert_byte
0 2166 8 7 570 0 0 570 1 0
fn=_dbus_string_insert_bytes
0 624 4 2 132 0 0 96 0 0
fn=_dbus_string_lengthen
0 651 6 4 93 0 0 0 0 0
fn=_dbus_string_move
0 24 2 1 4 0 0 0 0 0
fn=_dbus_string_replace_len
0 38 3 3 9 0 0 8 0 0
fn=_dbus_string_set_length
0 30 3 2 0 0 0 0 0 0
fn=_dbus_string_shorten
0 308 0 0 77 0 0 0 0 0
fn=_dbus_string_skip_blank
0 31 2 2 7 0 0 2 0 0
fn=_dbus_string_validate_nul
0 82 4 4 17 0 0 0 0 0
fn=_dbus_string_validate_utf8
0 4710 13 6 601 0 0 0 0 0
fn=_dbus_timeout_new
0 50 4 4 12 0 0 20 0 0
fn=_dbus_timeout_unref
0 32 4 2 10 0 0 4 0 0
fn=_dbus_type_reader_get_current_type
0 11122 6 4 5318 12 6 1016 0 0
fn=_dbus_type_reader_get_element_type
0 24 0 0 12 0 0 0 0 0
fn=_dbus_type_reader_get_signature
0 253 2 2 110 0 0 66 0 0
fn=_dbus_type_reader_init
0 378 5 4 28 0 0 196 0 0
fn=_dbus_type_reader_init_types_only
0 520 4 0 40 0 0 280 0 0
fn=_dbus_type_reader_next
0 6012 2 2 1336 0 0 1336 0 0
fn=_dbus_type_reader_read_basic
0 1168 10 4 365 0 0 219 1 0
fn=_dbus_type_reader_recurse
0 6580 15 8 1776 2 1 1332 2 0
fn=_dbus_type_reader_set_basic
0 63 5 5 15 0 0 15 0 0
fn=_dbus_type_writer_init
0 1012 4 4 184 0 0 644 0 0
fn=_dbus_type_writer_init_values_only
0 84 4 4 42 0 0 28 0 0
fn=_dbus_type_writer_recurse
0 1968 10 8 479 0 0 361 0 0
fn=_dbus_type_writer_unrecurse
0 2073 12 10 553 0 0 268 0 0
fn=_dbus_type_writer_write_basic
0 2893 10 7 745 0 0 434 0 0
fn=_dbus_validate_body_with_reason
0 306 6 6 84 0 0 63 0 0
fn=_dbus_validate_bus_name
0 130 6 3 20 0 0 0 0 0
fn=_dbus_validate_error_name
0 2 0 0 0 0 0 0 0 0
fn=_dbus_validate_interface
0 2309 21 13 227 0 0 0 0 0
fn=_dbus_validate_member
0 786 12 6 94 0 0 0 0 0
fn=_dbus_validate_path
0 1648 19 16 159 0 0 0 0 0
fn=_dbus_validate_signature_with_reason
0 1496 18 18 272 2 2 238 1 0
fn=_dbus_watch_list_add_watch
0 40 2 2 10 0 0 10 0 0
fn=_dbus_watch_list_new
0 2 1 1 0 0 0 0 0 0
fn=_dbus_watch_new
0 72 3 3 16 0 0 28 0 0
fn=_dbus_watch_ref
0 6 1 0 4 0 0 0 0 0
fn=_dbus_write_socket
0 78 2 2 18 0 0 15 0 0
fn=_dl_add_to_namespace_list
0 6773 12 2 1759 0 0 423 1 1
fn=_dl_add_to_slotinfo
0 100 4 2 40 15 0 25 6 0
fn=_dl_addr
0 57003 16 8 13887 1059 818 33 3 0
fn=_dl_allocate_tls_init
0 222 8 8 68 12 0 27 1 1
fn=_dl_allocate_tls_storage
0 316 2 2 5 0 0 293 36 36
fn=_dl_cache_libcmp
0 48991 27 3 7572 363 175 0 0 0
fn=_dl_catch_error
0 67630 34 6 17623 81 1 32570 87 5
fn=_dl_check_all_versions
0 439 3 3 65 12 0 34 0 0
fn=_dl_check_caller
0 3696 85 8 1659 247 6 168 2 0
fn=_dl_check_map_versions
0 28693 114 14 8555 385 139 3681 143 102
fn=_dl_close
0 120 4 2 40 5 0 24 0 0
fn=_dl_close_worker
0 15576 45 42 4354 142 0 1208 30 0
fn=_dl_count_modids
0 4 1 1 3 0 0 0 0 0
fn=_dl_debug_initialize
0 969 27 5 361 29 1 4 0 0
fn=_dl_debug_state
0 36 0 0 36 0 0 0 0 0
fn=_dl_determine_tlsoffset
0 162 5 5 26 0 0 12 0 0
fn=_dl_discover_osversion
0 81 5 5 14 1 1 8 2 2
fn=_dl_find_dso_for_object
0 44247 670 4 18028 245 0 0 0 0
fn=_dl_fini
0 2604 12 11 940 403 351 256 50 48
fn=_dl_fixup
0 37495 139 23 13972 2596 591 3029 34 4
fn=_dl_get_tls_static_info
0 5 1 1 3 0 0 2 1 1
fn=_dl_higher_prime_number
0 152 2 2 14 4 2 0 0 0
fn=_dl_important_hwcaps
0 267 19 19 47 0 0 43 2 2
fn=_dl_init
0 2255 34 4 735 43 0 151 0 0
fn=_dl_init_paths
0 93 10 10 14 0 0 28 2 2
fn=_dl_initial_error_catch_tsd
0 188 0 0 94 0 0 0 0 0
fn=_dl_load_cache_lookup
0 17177 116 15 3934 340 145 2026 24 1
fn=_dl_lookup_symbol_x
0 1961917 1957 42 369711 4857 2699 177201 214 20
fn=_dl_map_object
0 219663 189 27 53434 10030 1 19013 82 5
fn=_dl_map_object_deps
0 108906 353 41 23450 1631 1 7170 85 15
fn=_dl_map_object_from_fd
0 55736 376 52 15138 1365 400 5415 248 226
fn=_dl_mcount_wrapper_check
0 16 2 2 12 3 0 0 0 0
fn=_dl_name_match_p
0 497932 47 10 128970 3993 27 73929 51 1
fn=_dl_new_object
0 10819 106 18 2135 30 30 1942 203 171
fn=_dl_next_ld_env_entry
0 366 2 2 126 26 26 1 0 0
fn=_dl_next_tls_modid
0 30 2 1 15 0 0 5 0 0
fn=_dl_open
0 1369 61 10 355 31 1 468 3 0
fn=_dl_protect_relro
0 1060 12 2 318 12 0 106 0 0
fn=_dl_receive_error
0 28 2 2 10 1 0 12 1 0
fn=_dl_relocate_object
0 929390 235 53 227515 18427 14750 80274 7787 6614
fn=_dl_runtime_resolve_avx
0 24950 169 33 8982 86 0 8483 136 17
fn=_dl_setup_hash
0 1233 18 3 376 57 52 321 0 0
fn=_dl_signal_cerror
0 15732 4 2 1656 45 0 4140 0 0
fn=_dl_signal_error
0 52290 636 5 9960 1 0 16600 5 0
fn=_dl_sort_fini
0 65188 18 18 16158 94 83 833 5 0
fn=_dl_start
0 609 21 19 134 23 21 51 18 17
fn=_dl_sym
0 3858 421 1 0 0 0 0 0 0
fn=_dl_sysdep_read_whole_file
0 492 26 3 72 11 1 108 12 0
fn=_dl_sysdep_start
0 549 22 21 143 20 18 50 5 5
fn=_dl_sysdep_start_cleanup
0 1 1 1 1 0 0 0 0 0
fn=_dl_unload_cache
0 170 29 3 56 17 1 24 0 0
fn=_dl_unmap
0 75 3 3 35 2 0 20 0 0
fn=_dl_vdso_vsym
0 60 5 2 30 11 0 0 0 0
fn=_fxstat
0 980 19 4 98 0 0 0 0 0
fn=_glapi_add_dispatch
0 97168 6 6 20476 0 0 20412 2 0
fn=_glapi_check_multithread
0 3 3 0 0 0 0 0 0 0
fn=_glapi_get_context
0 6 0 0 6 3 0 0 0 0
fn=_glapi_get_dispatch_table_size
0 32 4 1 16 0 0 0 0 0
fn=_glapi_get_proc_address
0 15 2 2 3 0 0 2 0 0
fn=_glapi_set_context
0 8 2 0 0 0 0 0 0 0
fn=_glapi_set_dispatch
0 8 0 0 0 0 0 0 0 0
fn=_init
0 100 6 6 17 5 0 18 4 3
fn=_int_free
0 144822030 14319 5547 38663893 6026 3028 18917718 650 274
fn=_int_malloc
0 306335807 19246 9194 40247432 32897 8633 45712692 30454 13759
fn=_int_memalign
0 4089 15 10 586 0 0 633 58 53
fn=_int_realloc
0 47140 1131 43 9321 93 3 7269 48 17
fn=_itoa_word
0 14359 208 15 1379 48 4 901 14 0
fn=_mid_memalign
0 5456 36 11 1270 0 0 256 0 0
fn=_nl_find_locale
0 1499 11 8 302 4 0 370 1 0
fn=_nl_intern_locale_data
0 7099 10 10 1409 68 65 490 32 3
fn=_nl_load_locale_from_archive
0 1110 21 21 266 6 4 242 0 0
fn=_nl_normalize_codeset
0 139 4 4 30 4 2 10 0 0
fn=_nl_postload_ctype
0 90 10 4 46 11 0 24 2 0
fn=_pthread_cleanup_pop
0 15 0 0 6 1 0 3 1 0
fn=_pthread_cleanup_pop_restore
0 536 20 6 201 0 0 67 0 0
fn=_pthread_cleanup_push
0 18 6 3 6 2 0 12 0 0
fn=_pthread_cleanup_push_defer
0 938 11 3 201 25 0 335 0 0
fn=_setjmp
0 2 1 1 0 0 0 0 0 0
fn=_start
0 11 2 2 2 1 0 3 0 0
fn=_xstat
0 138 2 1 15 1 0 2 0 0
fn=access
0 54 10 2 10 0 0 1 0 0
fn=add_alias2.isra.1.part.2
0 32292 3 3 5382 0 0 8073 0 0
fn=add_module.isra.0
0 233011 12 12 58646 328 0 36714 0 0
fn=add_to_global
0 959 16 6 327 14 0 42 2 0
fn=allocate_dtv
0 19 2 2 4 0 0 5 1 1
fn=asprintf
0 7038 6 3 414 0 0 3726 0 0
fn=bcmp
0 5907 49 6 1009 70 8 0 0 0
fn=bindtextdomain
0 13 1 1 3 1 1 2 0 0
fn=brk
0 425 15 4 71 0 0 37 3 1
fn=cache_rpath.part.6
0 144 9 1 36 1 0 18 0 0
fn=call_init.part.0
0 3102 23 4 1047 285 0 467 0 0
fn=calloc
0 1433344 7290 2648 339940 2027 968 150867 446 119
fn=ceil
0 5 2 2 3 0 0 0 0 0
fn=ceilf
0 5 1 1 3 0 0 0 0 0
fn=check_match
0 399658 137 24 137622 6116 869 55237 248 16
fn=clock_getres
0 6 1 1 1 0 0 0 0 0
fn=clock_gettime
0 24994 980 487 7354 492 241 4410 1 0
fn=close
0 378 14 5 93 0 0 0 0 0
fn=closedir
0 36 2 2 9 0 0 6 0 0
fn=connect
0 6 3 1 3 0 0 0 0 0
fn=cos
0 16 2 1 6 1 0 0 0 0
fn=dbus_address_entries_free
0 19 2 1 4 0 0 3 0 0
fn=dbus_address_entry_get_method
0 4 0 0 4 0 0 0 0 0
fn=dbus_address_entry_get_value
0 126 2 2 36 0 0 32 0 0
fn=dbus_bus_get_private
0 3 1 1 0 0 0 0 0 0
fn=dbus_bus_register
0 90 10 8 11 0 0 18 0 0
fn=dbus_connection_allocate_data_slot
0 6 2 1 0 0 0 0 0 0
fn=dbus_connection_flush
0 26 2 2 6 0 0 6 0 0
fn=dbus_connection_free_data_slot
0 6 1 1 1 0 0 0 0 0
fn=dbus_connection_get_data
0 46 4 2 10 0 0 10 0 0
fn=dbus_connection_open_private
0 20 2 2 2 0 0 3 0 0
fn=dbus_connection_send
0 48 4 4 12 4 4 10 0 0
fn=dbus_connection_send_with_reply
0 217 18 18 29 1 1 50 0 0
fn=dbus_connection_send_with_reply_and_block
0 130 14 10 29 2 2 27 0 0
fn=dbus_connection_set_data
0 48 3 3 13 0 0 9 0 0
fn=dbus_connection_set_exit_on_disconnect
0 44 2 2 8 0 0 8 0 0
fn=dbus_connection_unref
0 160 10 6 40 0 0 20 0 0
fn=dbus_error_free
0 9 1 1 2 0 0 1 0 0
fn=dbus_error_init
0 12 4 2 4 0 0 4 0 0
fn=dbus_error_is_set
0 54 2 1 18 0 0 0 0 0
fn=dbus_free
0 222 3 2 38 0 0 0 0 0
fn=dbus_malloc
0 237 4 3 0 0 0 0 0 0
fn=dbus_malloc0
0 120 1 1 0 0 0 0 0 0
fn=dbus_message_append_args
0 25 4 4 4 0 0 10 0 0
fn=dbus_message_append_args_valist
0 94 8 8 24 0 0 18 0 0
fn=dbus_message_get_args
0 86 8 8 14 0 0 25 0 0
fn=dbus_message_get_args_valist
0 74 6 6 18 0 0 17 0 0
fn=dbus_message_get_reply_serial
0 152 3 2 40 0 0 16 0 0
fn=dbus_message_get_sender
0 36 4 4 10 0 0 6 0 0
fn=dbus_message_get_serial
0 32 4 4 0 0 0 0 0 0
fn=dbus_message_get_type
0 12 2 2 0 0 0 0 0 0
fn=dbus_message_iter_append_basic
0 276 15 14 48 0 0 44 0 0
fn=dbus_message_iter_get_arg_type
0 30 4 4 4 0 0 4 0 0
fn=dbus_message_iter_init
0 138 12 12 28 0 0 30 0 0
fn=dbus_message_iter_init_append
0 105 7 6 18 0 0 27 0 0
fn=dbus_message_lock
0 52 4 4 28 0 0 8 0 0
fn=dbus_message_new_error
0 148 10 10 22 0 0 34 0 0
fn=dbus_message_new_method_call
0 272 16 16 32 0 0 52 0 0
fn=dbus_message_new_signal
0 58 4 4 7 0 0 12 0 0
fn=dbus_message_ref
0 102 5 4 30 0 0 12 0 0
fn=dbus_message_set_no_reply
0 33 4 4 3 0 0 0 0 0
fn=dbus_message_set_reply_serial
0 56 8 8 10 0 0 6 0 0
fn=dbus_message_set_serial
0 36 8 8 4 0 0 0 0 0
fn=dbus_message_unref
0 616 34 24 138 0 0 97 0 0
fn=dbus_parse_address
0 208 15 15 40 0 0 45 0 0
fn=dbus_pending_call_allocate_data_slot
0 10 2 2 0 0 0 0 0 0
fn=dbus_pending_call_block
0 6 2 2 0 0 0 0 0 0
fn=dbus_pending_call_free_data_slot
0 22 2 2 2 0 0 0 0 0
fn=dbus_pending_call_get_completed
0 34 2 2 12 0 0 8 0 0
fn=dbus_pending_call_ref
0 16 4 4 4 0 0 4 0 0
fn=dbus_pending_call_steal_reply
0 44 4 4 16 0 0 10 0 0
fn=dbus_pending_call_unref
0 56 2 2 10 0 0 12 0 0
fn=dbus_realloc
0 114 2 2 0 0 0 0 0 0
fn=dbus_set_error_from_message
0 102 6 6 24 0 0 20 0 0
fn=dbus_threads_init
0 285 5 3 66 0 0 85 3 0
fn=dbus_threads_init_default
0 18 1 1 0 0 0 0 0 0
fn=dbus_timeout_get_interval
0 4 2 2 4 0 0 0 0 0
fn=dbus_timeout_set_data
0 30 0 0 10 0 0 10 0 0
fn=dbus_type_is_basic
0 168 8 4 24 0 0 24 0 0
fn=dbus_type_is_container
0 432 1 1 42 0 0 42 0 0
fn=dbus_type_is_fixed
0 72 5 4 8 0 0 8 0 0
fn=dbus_type_is_valid
0 360 6 2 36 0 0 0 0 0
fn=dbus_watch_get_enabled
0 20 2 2 8 0 0 0 0 0
fn=dcgettext
0 2090 6 1 0 0 0 0 0 0
fn=derivation_compare
0 16 1 1 6 1 0 3 0 0
fn=detect_conflict
0 83480 2 2 19550 2012 0 9775 0 0
fn=dl_main
0 2033 72 72 581 148 21 172 20 16
fn=dl_open_worker
0 10371 212 32 3550 288 0 689 48 0
fn=dladdr
0 6 1 1 1 1 0 0 0 0
fn=dlclose
0 104 2 1 16 1 0 8 0 0
fn=dlerror
0 25290 32 8 7188 33 0 4629 0 0
fn=dlopen
0 378 24 2 105 8 0 105 1 0
fn=dlsym
0 32150 21 3 11574 5 0 10288 2 0
fn=do_fcntl
0 90 4 1 10 0 0 0 0 0
fn=do_lookup_x
0 6136313 1295 108 1844436 129584 2598 574436 249 20
fn=do_preload
0 28 2 2 7 0 0 8 0 0
fn=do_sym
0 56094 864 6 10271 12 0 15432 3 0
fn=drmFreeDevice
0 81 0 0 27 1 0 27 1 0
fn=drmFreeDevices
0 72 1 1 14 1 0 7 1 0
fn=drmGetDevice
0 738 16 14 144 4 0 118 8 0
fn=drmGetDevices
0 347 10 10 52 0 0 53 2 0
fn=drmIoctl
0 76980 1221 482 16037 0 0 16037 480 0
fn=drmPrimeHandleToFD
0 66 6 4 18 0 0 21 0 0
fn=drm_intel_bo_alloc
0 495 486 241 495 7 0 0 0 0
fn=drm_intel_bo_alloc_tiled
0 11 4 2 11 2 0 0 0 0
fn=drm_intel_bo_busy
0 1195 239 239 478 478 0 0 0 0
fn=drm_intel_bo_emit_reloc
0 8184 483 242 8184 726 482 0 0 0
fn=drm_intel_bo_gem_export_to_prime
0 114 12 7 30 0 0 36 1 0
fn=drm_intel_bo_get_tiling
0 1210 242 242 484 479 479 0 0 0
fn=drm_intel_bo_map
0 496 2 1 496 0 0 0 0 0
fn=drm_intel_bo_reference
0 1444 481 1 1444 243 240 0 0 0
fn=drm_intel_bo_references
0 480 240 240 480 240 0 0 0 0
fn=drm_intel_bo_subdata
0 480 240 0 480 240 0 0 0 0
fn=drm_intel_bo_unmap
0 974 242 240 974 482 480 0 0 0
fn=drm_intel_bo_unreference
0 6299 481 240 2907 850 239 0 0 0
fn=drm_intel_bo_wait_rendering
0 478 239 239 478 240 239 0 0 0
fn=drm_intel_bufmgr_check_aperture_space
0 1443 481 241 1443 126 0 0 0 0
fn=drm_intel_bufmgr_gem_enable_fenced_relocs
0 5 1 1 2 0 0 1 0 0
fn=drm_intel_bufmgr_gem_enable_reuse
0 4 2 1 4 2 0 0 0 0
fn=drm_intel_bufmgr_gem_get_devid
0 2 1 1 2 0 0 0 0 0
fn=drm_intel_bufmgr_gem_init
0 1217 41 41 39 1 0 312 0 0
fn=drm_intel_gem_bo_clear_relocs
0 54226 1205 1205 23372 120 0 5312 0 0
fn=drm_intel_gem_bo_context_exec
0 2662 241 241 242 0 0 484 0 0
fn=drm_intel_gem_bo_get_reloc_count
0 962 481 241 962 243 240 0 0 0
fn=drm_intel_gem_bo_map_gtt
0 13200 1200 1200 3360 0 0 4800 0 0
fn=drm_intel_gem_bo_map_unsynchronized
0 92 8 6 24 0 0 30 0 0
fn=drm_intel_gem_bo_start_gtt_access
0 6931 717 717 2151 120 120 1673 0 0
fn=drm_intel_gem_context_create
0 62 6 3 16 0 0 16 0 0
fn=drm_intel_gem_context_destroy
0 25 2 2 7 1 0 5 0 0
fn=drm_intel_reg_read
0 21 2 2 7 0 0 6 0 0
fn=elision_init
0 15 2 2 5 1 0 2 1 1
fn=exit
0 5 1 1 0 0 0 1 0 0
fn=expand_dynamic_string_token
0 72 4 2 18 0 0 21 0 0
fn=expf
0 3825 2 2 1275 3 3 510 0 0
fn=fclose@@GLIBC_2.2.5
0 1855 79 16 640 6 0 223 0 0
fn=fcntl
0 130 8 2 20 0 0 50 0 0
fn=ffs
0 3600 480 241 720 0 0 0 0 0
fn=fgets
0 1352200 46 6 395266 0 0 187226 0 0
fn=fileno
0 6 2 2 3 0 0 0 0 0
fn=find_derivation
0 373790 36 32 94484 7472 0 47384 273 70
fn=floor
0 5 1 1 3 0 0 0 0 0
fn=floorf
0 5 2 2 3 0 0 0 0 0
fn=fopen@@GLIBC_2.2.5
0 50 10 2 0 0 0 0 0 0
fn=fread
0 1194 15 10 396 0 0 154 0 0
fn=free
0 22331232 2247 723 4573602 2988 1126 8 0 0
fn=freelocale
0 4 2 2 1 0 0 0 0 0
fn=fseek
0 78 4 4 30 0 0 8 0 0
fn=ftell
0 82 5 5 30 0 0 8 0 0
fn=ftruncate
0 15 3 2 3 0 0 0 0 0
fn=get_common_indeces.constprop.1
0 55 4 4 7 0 0 12 1 1
fn=getc
0 20644233 4 4 10321905 10194 0 2293788 3 0
fn=getdelim
0 153670 10 10 41342 0 0 23621 161 0
fn=getegid
0 3 1 1 1 0 0 0 0 0
fn=getenv
0 56388 135 4 18970 1580 0 1229 7 1
fn=geteuid
0 12 4 1 4 0 0 0 0 0
fn=getgid
0 6 0 0 2 0 0 0 0 0
fn=gethostname
0 70 6 3 12 0 0 16 0 0
fn=getpagesize
0 2590 982 482 1554 968 476 0 0 0
fn=getpeername
0 10 2 1 2 0 0 0 0 0
fn=getpid
0 45 8 1 18 6 0 0 0 0
fn=getresgid
0 5 1 1 1 0 0 0 0 0
fn=getresuid
0 5 1 1 1 0 0 0 0 0
fn=getrlimit
0 5 1 1 1 0 0 0 0 0
fn=getsockname
0 15 1 0 3 0 0 0 0 0
fn=gettimeofday
0 360 9 3 30 5 0 30 0 0
fn=getuid
0 12 0 0 4 0 0 0 0 0
fn=glXChooseVisual
0 942 18 12 126 1 0 274 0 0
fn=glXCreateContext
0 120 12 7 38 11 0 22 0 0
fn=glXDestroyContext
0 53 6 4 16 2 0 14 0 0
fn=glXGetProcAddress
0 8379 9 5 849 72 8 825 0 0
fn=glXMakeContextCurrent
0 201 20 10 56 21 2 47 7 0
fn=glXMakeCurrent
0 9 3 2 0 0 0 0 0 0
fn=glXQueryExtension
0 60 6 6 16 0 0 12 0 0
fn=glXQueryExtensionsString
0 68 6 3 24 3 0 11 0 0
fn=glXSwapBuffers
0 7200 480 480 2640 1440 1440 1200 0 0
fn=gpg_err_init
0 1 1 1 0 0 0 0 0 0
fn=hack_digit
0 2645 4 4 950 0 0 410 0 0
fn=handle_intel
0 147 5 5 21 0 0 39 0 0
fn=iconv
0 98 8 4 34 2 2 14 0 0
fn=iconv_close
0 22 2 1 2 0 0 2 0 0
fn=iconv_open
0 128 8 4 22 1 0 22 0 0
fn=index
0 13677 58 9 1785 208 67 0 0 0
fn=init_cacheinfo
0 234 12 12 14 0 0 19 3 3
fn=init_tls
0 238 5 5 67 33 1 16 2 2
fn=initstate_r
0 52 5 5 7 0 0 11 0 0
fn=insert_module
0 619083 3 3 173544 22941 0 85105 0 0
fn=intel_check_word
0 1367 10 10 129 6 6 24 0 0
fn=ioctl
0 16088 730 241 3218 1 0 2 1 0
fn=log2
0 24 1 1 0 0 0 0 0 0
fn=lseek
0 20 1 1 4 0 0 0 0 0
fn=malloc
0 66773411 3149 1208 18870623 6569 454 4354760 509 238
fn=malloc_consolidate
0 36208349 5036 1972 11713489 14179 3065 2210753 260 191
fn=malloc_hook_ini
0 11 2 2 3 2 1 3 0 0
fn=malloc_init_state
0 648 3 3 2 0 0 257 33 33
fn=map_doit
0 14 2 2 5 0 0 3 0 0
fn=match_symbol
0 24144 34 5 9264 261 50 2160 0 0
fn=maybe_split_for_insert.isra.0
0 126139 4 4 45815 2781 0 2583 0 0
fn=memalign_hook_ini
0 9 1 1 3 1 1 1 0 0
fn=memchr
0 814815 124 13 87005 1257 295 0 0 0
fn=memcpy
0 28623 48 15 8482 12 2 6376 113 97
fn=memcpy@@GLIBC_2.14
0 360 37 4 168 29 0 0 0 0
fn=memcpy@GLIBC_2.2.5
0 272228 1055 483 38670 331 294 25780 125 57
fn=memmem
0 396 4 4 96 0 0 84 0 0
fn=memmove
0 255 38 8 119 17 2 0 0 0
fn=mempcpy
0 2685 4 4 7 1 0 0 0 0
fn=memset
0 10534 52 12 524 26 1 3482 601 590
fn=mmap
0 4798 37 6 1074 17 0 876 46 22
fn=mprotect
0 520 6 1 104 0 0 0 0 0
fn=mremap
0 6 1 1 1 0 0 0 0 0
fn=mremap_chunk
0 58 4 4 14 4 0 6 0 0
fn=msort_with_tmp.part.0
0 78900 14 11 17794 0 0 11450 27 0
fn=munmap
0 115 8 3 23 0 0 0 0 0
fn=munmap_chunk
0 78 4 4 30 3 0 0 0 0
fn=new_composite_name
0 753 13 8 164 1 0 68 0 0
fn=new_do_write
0 440 5 5 128 0 0 104 0 0
fn=newlocale
0 41 6 6 11 1 1 8 2 0
fn=nl_langinfo
0 3 1 1 2 2 0 0 0 0
fn=nl_langinfo_l
0 16 1 1 4 3 0 0 0 0
fn=open
0 433 19 3 117 0 0 1 0 0
fn=open_verify.constprop.7
0 9990 106 15 2299 48 6 1007 3 1
fn=openaux
0 6656 13 1 3328 15 0 1248 2 0
fn=opendir
0 27 1 1 3 2 1 0 0 0
fn=opendir_tail
0 75 2 2 12 0 0 12 0 0
fn=poll
0 1072 263 241 536 0 0 0 0 0
fn=posix_memalign
0 6500 24 4 750 0 0 750 0 0
fn=printf
0 232 4 4 24 2 2 144 0 0
fn=pthread_cond_broadcast@@GLIBC_2.3.2
0 17024 769 723 8064 549 482 0 0 0
fn=pthread_cond_destroy@@GLIBC_2.3.2
0 10080 59 3 4200 0 0 1960 0 0
fn=pthread_cond_init@@GLIBC_2.3.2
0 330 16 8 66 2 0 128 0 0
fn=pthread_cond_signal@@GLIBC_2.3.2
0 26700 1030 963 12015 5 2 0 0 0
fn=pthread_condattr_destroy
0 18 1 1 8 0 0 0 0 0
fn=pthread_condattr_init
0 20 2 2 8 1 0 2 0 0
fn=pthread_condattr_setclock
0 20 2 2 4 0 0 2 0 0
fn=pthread_getspecific
0 48007 502 483 14119 523 482 0 0 0
fn=pthread_key_create
0 45 2 2 7 1 0 4 0 0
fn=pthread_mutex_destroy
0 1168 6 4 438 2 0 73 0 0
fn=pthread_mutex_init
0 3544 93 16 856 3 0 1005 13 5
fn=pthread_mutex_lock
0 1843295 3528 1445 319415 18144 7961 7132 0 0
fn=pthread_mutex_unlock
0 662743 1020 484 220017 7 0 0 0 0
fn=pthread_mutexattr_destroy
0 38 0 0 19 0 0 0 0 0
fn=pthread_mutexattr_init
0 60 4 1 20 0 0 20 0 0
fn=pthread_mutexattr_settype
0 240 10 3 40 0 0 20 0 0
fn=pthread_once
0 8767 13 1 3505 7 2 0 0 0
fn=pthread_rwlock_rdlock
0 71550 53 11 17568 43 2 3762 0 0
fn=pthread_rwlock_unlock
0 47754 875 13 15081 0 0 1257 0 0
fn=pthread_rwlock_wrlock
0 63 9 3 30 8 0 6 0 0
fn=pthread_self
0 126 10 6 70 0 0 0 0 0
fn=pthread_setspecific
0 68 3 2 14 0 0 14 1 0
fn=ptmalloc_init.part.5
0 395 6 6 132 41 1 9 2 0
fn=qsort
0 14 3 1 0 0 0 0 0 0
fn=qsort_r
0 412 43 24 75 0 0 111 8 6
fn=random_r
0 23022 2 2 7088 0 0 3544 0 0
fn=rawmemchr
0 2646 55 11 328 17 16 0 0 0
fn=read
0 968 23 4 406 0 0 0 0 0
fn=read_int
0 598 16 12 184 0 0 46 0 0
fn=readdir
0 735 8 4 291 2 0 114 0 0
fn=readlink
0 60 2 1 12 0 0 0 0 0
fn=realloc
0 57575 338 30 11086 142 2 5286 3 0
fn=realloc_hook_ini
0 8 2 1 3 1 0 2 0 0
fn=recv
0 640 5 2 107 0 0 1 1 0
fn=recvmsg
0 11864 512 485 2487 42 0 571 198 0
fn=rewind
0 76 4 4 30 0 0 10 0 0
fn=rindex
0 1534 39 7 136 3 0 0 0 0
fn=rint
0 5 2 2 3 0 0 0 0 0
fn=rintf
0 5 1 1 3 0 0 0 0 0
fn=round
0 20 2 2 1 0 0 0 0 0
fn=round_and_return
0 57 8 8 9 0 0 9 1 0
fn=round_away
0 10 2 2 1 0 0 0 0 0
fn=rtld_lock_default_lock_recursive
0 302 1 1 302 3 1 0 0 0
fn=rtld_lock_default_unlock_recursive
0 302 0 0 302 0 0 0 0 0
fn=sbrk
0 1038 38 8 271 63 4 150 14 1
fn=select
0 492 240 240 246 0 0 0 0 0
fn=send
0 48 1 1 8 0 0 0 0 0
fn=sendmsg
0 70 7 5 14 0 0 0 0 0
fn=set_binding_values.part.0
0 78 10 9 19 5 0 16 0 0
fn=setlocale
0 284943 62 23 94700 1176 3 71101 5 0
fn=shutdown
0 5 1 1 1 0 0 0 0 0
fn=sigaction
0 16 1 1 0 0 0 0 0 0
fn=sin
0 16 2 1 6 1 0 0 0 0
fn=socket
0 15 3 1 3 0 0 0 0 0
fn=srandom_r
0 4998 4 4 8 0 0 698 0 0
fn=sscanf
0 153 7 3 9 0 0 81 0 0
fn=stpcpy
0 155502 15 5 13876 8 1 18276 0 0
fn=str_to_mpn.isra.0
0 104 5 5 27 1 1 20 1 0
fn=strcasecmp
0 25 6 2 15 7 0 0 0 0
fn=strcat
0 10 1 1 6 2 0 0 0 0
fn=strchrnul
0 143442 157 22 14504 109 46 0 0 0
fn=strcmp
0 1565232 1200 176 347761 6469 707 0 0 0
fn=strcpy
0 40 10 2 24 7 0 0 0 0
fn=strcspn
0 18 3 1 9 3 0 0 0 0
fn=strdup
0 28509 148 5 3354 0 0 6708 7 0
fn=strerror
0 52 4 2 16 0 0 16 0 0
fn=strerror_r
0 116 8 5 36 8 4 28 0 0
fn=strip
0 268 6 3 48 14 10 28 0 0
fn=strlen
0 871334 265 26 119683 5191 1454 0 0 0
fn=strncasecmp
0 10 4 2 6 0 0 0 0 0
fn=strncmp
0 35 9 1 20 2 0 0 0 0
fn=strncpy
0 45 5 1 27 13 0 0 0 0
fn=strndup
0 18 1 1 2 0 0 5 0 0
fn=strnlen
0 23650 16 4 3850 2 0 550 149 0
fn=strpbrk
0 24 4 2 12 3 0 0 0 0
fn=strsep
0 915 2 2 148 0 0 1 0 0
fn=strspn
0 24 4 1 12 2 0 0 0 0
fn=strstr
0 30 4 1 15 6 0 0 0 0
fn=strtod
0 4 1 1 2 2 0 0 0 0
fn=strtol
0 2364 6 0 1182 401 0 0 0 0
fn=strtoul
0 16 4 2 8 4 0 0 0 0
fn=syscall
0 33 3 2 6 0 0 0 0 0
fn=sysconf
0 336 6 6 48 1 1 36 0 0
fn=sysmalloc
0 4374 183 54 980 111 3 778 70 42
fn=systrim.isra.0
0 87 4 4 31 6 0 16 1 0
fn=tfind
0 81953 16 3 15787 1176 10 8386 0 0
fn=time
0 120 6 3 10 1 1 10 0 0
fn=tsearch
0 296850 7 7 72708 1380 0 39626 0 0
fn=uname
0 25 5 2 5 0 0 0 0 0
fn=ungetc
0 481 6 4 195 0 0 52 0 0
fn=vasprintf
0 26910 16 5 5382 2 0 6624 0 0
fn=version_check_doit
0 10 1 1 4 0 0 2 0 0
fn=vfprintf
0 642134 2616 254 139936 408 35 134244 364 52
fn=vsscanf
0 297 3 3 45 0 0 81 0 0
fn=write
0 16 1 1 8 0 0 0 0 0
fn=writev
0 774 262 241 387 0 0 0 0 0
fn=xcb_big_requests_enable
0 34 4 2 8 0 0 12 0 0
fn=xcb_big_requests_enable_reply
0 2 2 1 0 0 0 0 0 0
fn=xcb_connect
0 6 2 1 0 0 0 0 0 0
fn=xcb_connect_to_display_with_auth_info
0 288 23 11 50 4 0 86 0 0
fn=xcb_connect_to_fd
0 294 24 12 32 1 0 82 2 0
fn=xcb_connection_has_error
0 616 252 239 616 0 0 0 0 0
fn=xcb_discard_reply
0 28 2 2 5 0 0 5 0 0
fn=xcb_disconnect
0 40 3 2 4 0 0 9 0 0
fn=xcb_dri3_fence_from_fd
0 81 9 6 12 0 0 36 0 0
fn=xcb_dri3_open
0 19 2 2 4 0 0 8 0 0
fn=xcb_dri3_open_reply
0 1 1 1 0 0 0 0 0 0
fn=xcb_dri3_open_reply_fds
0 4 1 1 1 0 0 0 0 0
fn=xcb_dri3_pixmap_from_buffer
0 96 12 8 24 0 0 45 0 0
fn=xcb_dri3_query_version
0 19 2 2 4 0 0 8 0 0
fn=xcb_dri3_query_version_reply
0 1 1 1 0 0 0 0 0 0
fn=xcb_flush
0 10582 959 481 2405 0 0 2405 0 0
fn=xcb_free_pixmap
0 19 3 3 4 0 0 8 0 0
fn=xcb_generate_id
0 548 25 6 166 9 1 108 0 0
fn=xcb_get_extension_data
0 8586 749 726 2142 0 0 1887 0 0
fn=xcb_get_file_descriptor
0 34 4 2 4 0 0 0 0 0
fn=xcb_get_geometry
0 76 6 3 16 0 0 32 0 0
fn=xcb_get_geometry_reply
0 4 2 1 0 0 0 0 0 0
fn=xcb_get_maximum_request_length
0 64 4 2 16 0 0 18 0 0
fn=xcb_get_reply_fds
0 2 1 1 1 0 0 0 0 0
fn=xcb_get_setup
0 34 2 1 4 1 0 0 0 0
fn=xcb_glx_query_server_string
0 38 2 2 8 0 0 16 2 0
fn=xcb_glx_query_server_string_reply
0 2 1 1 0 0 0 0 0 0
fn=xcb_glx_query_server_string_string
0 4 1 1 2 0 0 0 0 0
fn=xcb_glx_query_server_string_string_length
0 4 0 0 4 0 0 0 0 0
fn=xcb_glx_query_version
0 19 2 2 4 0 0 8 0 0
fn=xcb_glx_query_version_reply
0 1 1 1 0 0 0 0 0 0
fn=xcb_glx_set_client_info_2arb
0 45 5 5 7 0 0 23 0 0
fn=xcb_parse_display
0 8 2 1 0 0 0 0 0 0
fn=xcb_poll_for_event
0 1208 10 0 0 0 0 0 0 0
fn=xcb_poll_for_reply64
0 1184 39 9 259 0 0 296 0 0
fn=xcb_poll_for_special_event
0 23667 486 481 6694 485 482 5975 0 0
fn=xcb_prefetch_extension_data
0 38 1 0 8 1 0 10 0 0
fn=xcb_prefetch_maximum_request_length
0 60 6 3 12 4 0 14 0 0
fn=xcb_present_pixmap
0 11520 1200 1200 3600 0 0 6000 0 0
fn=xcb_present_query_capabilities
0 36 4 4 8 0 0 14 0 0
fn=xcb_present_query_capabilities_reply
0 2 2 2 0 0 0 0 0 0
fn=xcb_present_query_version
0 19 2 2 4 0 0 8 0 0
fn=xcb_present_query_version_reply
0 1 1 1 0 0 0 0 0 0
fn=xcb_present_select_input_checked
0 60 9 6 12 0 0 27 0 0
fn=xcb_query_extension
0 168 13 6 24 0 0 78 0 0
fn=xcb_query_extension_reply
0 6 4 2 0 0 0 0 0 0
fn=xcb_register_for_special_xge
0 106 10 5 22 0 0 36 0 0
fn=xcb_request_check
0 90 8 4 24 0 0 18 0 0
fn=xcb_send_request
0 1064 247 241 266 0 0 266 0 0
fn=xcb_send_request64
0 798 0 0 0 0 0 0 0 0
fn=xcb_send_request_with_fds
0 24 2 0 6 0 0 6 0 0
fn=xcb_send_request_with_fds64
0 65145 3491 3383 17304 1273 1220 9601 7 0
fn=xcb_sync_destroy_fence
0 18 2 2 4 0 0 7 0 0
fn=xcb_take_socket
0 12152 986 960 2976 8 0 3472 0 0
fn=xcb_unregister_for_special_event
0 40 3 2 8 1 0 8 0 0
fn=xcb_wait_for_event
0 196 4 4 44 0 0 46 0 0
fn=xcb_wait_for_reply
0 764 16 5 140 0 0 144 0 0
fn=xcb_wait_for_reply64
0 8160 28 2 1530 1 0 2040 0 0
fn=xcb_writev
0 3937 40 5 1016 20 0 1016 2 0
fn=xlocaledir
0 420 16 3 108 0 0 108 4 0
fn=xshmfence_alloc_shm
0 102 9 6 18 0 0 27 1 0
fn=xshmfence_await
0 3615 723 481 964 238 238 482 0 0
fn=xshmfence_map_shm
0 39 3 2 6 0 0 6 0 0
fn=xshmfence_reset
0 960 240 240 480 240 240 0 0 0
fn=xshmfence_trigger
0 24 3 2 6 3 3 0 0 0
fn=xshmfence_unmap_shm
0 2 1 0 0 0 0 0 0 0
summary: 9285252385 902657 658183 2156593673 3007045 511031 1282025035 19899988 18875731
